# seed = 1 mean = 50 standard_deviation = 10 number_of_pages = 500
Capacity of LRU = 250
------------------------------------------------------------
Page Faults = 52
Page Hits = 448
------------------------------------------------------------
[66] <-- Page - 66 | Page Fault Here
[66, 43] <-- Page - 43 | Page Fault Here
[66, 43, 44] <-- Page - 44 | Page Fault Here
[66, 43, 44, 39] <-- Page - 39 | Page Fault Here
[66, 43, 44, 39, 58] <-- Page - 58 | Page Fault Here
[66, 43, 44, 39, 58, 26] <-- Page - 26 | Page Fault Here
[66, 43, 44, 39, 58, 26, 67] <-- Page - 67 | Page Fault Here
[66, 43, 44, 39, 58, 26, 67, 42] <-- Page - 42 | Page Fault Here
[66, 43, 44, 39, 58, 26, 67, 42, 53] <-- Page - 53 | Page Fault Here
[66, 43, 44, 39, 58, 26, 67, 42, 53, 47] <-- Page - 47 | Page Fault Here
[66, 43, 44, 39, 58, 26, 67, 42, 53, 47, 64] <-- Page - 64 | Page Fault Here
[66, 43, 44, 39, 58, 26, 67, 42, 53, 47, 64, 29] <-- Page - 29 | Page Fault Here
[66, 43, 44, 39, 58, 26, 67, 42, 53, 47, 64, 29, 46] <-- Page - 46 | Page Fault Here
[66, 43, 44, 39, 58, 26, 67, 42, 53, 47, 64, 29, 46] <-- Page - 46
[66, 43, 44, 39, 58, 26, 67, 42, 53, 47, 64, 29, 46, 61] <-- Page - 61 | Page Fault Here
[66, 43, 44, 58, 26, 67, 42, 53, 47, 64, 29, 46, 61, 39] <-- Page - 39
[66, 43, 44, 58, 26, 67, 42, 53, 47, 64, 29, 46, 61, 39, 48] <-- Page - 48 | Page Fault Here
[66, 43, 44, 58, 26, 67, 42, 53, 47, 64, 29, 46, 61, 39, 48, 41] <-- Page - 41 | Page Fault Here
[66, 43, 44, 58, 26, 67, 42, 53, 47, 64, 29, 46, 61, 39, 48, 41, 50] <-- Page - 50 | Page Fault Here
[66, 43, 44, 58, 26, 67, 42, 53, 47, 64, 29, 46, 61, 39, 48, 41, 50, 55] <-- Page - 55 | Page Fault Here
[66, 43, 44, 58, 26, 67, 42, 53, 47, 64, 29, 46, 61, 39, 48, 41, 50, 55, 38] <-- Page - 38 | Page Fault Here
[66, 43, 44, 58, 26, 67, 42, 53, 47, 64, 29, 46, 39, 48, 41, 50, 55, 38, 61] <-- Page - 61
[66, 43, 44, 58, 26, 67, 42, 53, 47, 64, 29, 46, 39, 48, 41, 50, 55, 38, 61, 59] <-- Page - 59 | Page Fault Here
[66, 43, 44, 58, 26, 67, 42, 53, 47, 64, 29, 46, 39, 48, 41, 50, 38, 61, 59, 55] <-- Page - 55
[66, 43, 44, 58, 26, 67, 42, 53, 47, 64, 29, 46, 39, 48, 41, 50, 38, 61, 55, 59] <-- Page - 59
[66, 44, 58, 26, 67, 42, 53, 47, 64, 29, 46, 39, 48, 41, 50, 38, 61, 55, 59, 43] <-- Page - 43
[66, 44, 58, 26, 67, 42, 53, 47, 64, 29, 46, 39, 41, 50, 38, 61, 55, 59, 43, 48] <-- Page - 48
[66, 44, 58, 26, 67, 42, 53, 47, 64, 29, 46, 39, 41, 50, 38, 61, 55, 59, 43, 48, 40] <-- Page - 40 | Page Fault Here
[66, 44, 58, 26, 67, 42, 53, 64, 29, 46, 39, 41, 50, 38, 61, 55, 59, 43, 48, 40, 47] <-- Page - 47
[66, 44, 58, 26, 67, 42, 53, 64, 29, 46, 39, 41, 50, 38, 61, 59, 43, 48, 40, 47, 55] <-- Page - 55
[66, 44, 58, 26, 67, 42, 53, 64, 29, 46, 39, 41, 50, 38, 61, 59, 48, 40, 47, 55, 43] <-- Page - 43
[66, 44, 58, 26, 67, 42, 53, 64, 29, 39, 41, 50, 38, 61, 59, 48, 40, 47, 55, 43, 46] <-- Page - 46
[66, 44, 58, 26, 67, 42, 53, 64, 29, 39, 41, 50, 38, 61, 59, 48, 40, 47, 55, 46, 43] <-- Page - 43
[66, 44, 58, 26, 67, 42, 53, 64, 29, 39, 50, 38, 61, 59, 48, 40, 47, 55, 46, 43, 41] <-- Page - 41
[66, 44, 58, 26, 67, 42, 53, 64, 29, 39, 50, 38, 61, 59, 48, 40, 47, 55, 46, 41, 43] <-- Page - 43
[66, 44, 58, 26, 67, 42, 53, 64, 29, 39, 50, 38, 61, 59, 48, 40, 47, 55, 46, 41, 43, 49] <-- Page - 49 | Page Fault Here
[66, 44, 58, 26, 67, 42, 53, 64, 29, 39, 50, 61, 59, 48, 40, 47, 55, 46, 41, 43, 49, 38] <-- Page - 38
[66, 44, 58, 26, 67, 42, 53, 64, 29, 39, 50, 61, 59, 48, 40, 47, 55, 46, 41, 43, 49, 38, 52] <-- Page - 52 | Page Fault Here
[44, 58, 26, 67, 42, 53, 64, 29, 39, 50, 61, 59, 48, 40, 47, 55, 46, 41, 43, 49, 38, 52, 66] <-- Page - 66
[44, 58, 26, 67, 42, 53, 64, 29, 39, 50, 61, 59, 48, 40, 47, 55, 46, 41, 43, 49, 38, 52, 66, 57] <-- Page - 57 | Page Fault Here
[44, 58, 26, 67, 42, 53, 64, 29, 39, 50, 61, 59, 40, 47, 55, 46, 41, 43, 49, 38, 52, 66, 57, 48] <-- Page - 48
[44, 58, 26, 67, 42, 53, 64, 29, 39, 50, 61, 59, 40, 47, 55, 46, 43, 49, 38, 52, 66, 57, 48, 41] <-- Page - 41
[44, 58, 26, 67, 53, 64, 29, 39, 50, 61, 59, 40, 47, 55, 46, 43, 49, 38, 52, 66, 57, 48, 41, 42] <-- Page - 42
[44, 58, 26, 67, 53, 64, 29, 39, 50, 61, 59, 40, 47, 55, 46, 43, 49, 38, 52, 57, 48, 41, 42, 66] <-- Page - 66
[44, 58, 26, 67, 53, 64, 29, 39, 61, 59, 40, 47, 55, 46, 43, 49, 38, 52, 57, 48, 41, 42, 66, 50] <-- Page - 50
[44, 58, 26, 67, 53, 64, 29, 39, 61, 59, 40, 47, 55, 46, 49, 38, 52, 57, 48, 41, 42, 66, 50, 43] <-- Page - 43
[44, 58, 26, 67, 53, 64, 29, 39, 61, 59, 40, 47, 55, 46, 49, 38, 52, 57, 48, 41, 42, 66, 50, 43, 51] <-- Page - 51 | Page Fault Here
[44, 58, 26, 67, 53, 64, 29, 39, 61, 59, 40, 47, 55, 46, 49, 38, 52, 57, 48, 41, 42, 66, 50, 43, 51, 71] <-- Page - 71 | Page Fault Here
[44, 58, 26, 67, 53, 64, 29, 39, 61, 59, 40, 47, 55, 46, 49, 38, 52, 57, 48, 41, 42, 66, 50, 43, 71, 51] <-- Page - 51
[44, 58, 26, 67, 53, 64, 29, 39, 61, 59, 40, 47, 55, 46, 49, 38, 52, 57, 48, 41, 42, 66, 50, 43, 71, 51, 56] <-- Page - 56 | Page Fault Here
[44, 58, 26, 67, 64, 29, 39, 61, 59, 40, 47, 55, 46, 49, 38, 52, 57, 48, 41, 42, 66, 50, 43, 71, 51, 56, 53] <-- Page - 53
[44, 58, 26, 67, 64, 29, 39, 61, 59, 40, 47, 55, 49, 38, 52, 57, 48, 41, 42, 66, 50, 43, 71, 51, 56, 53, 46] <-- Page - 46
[44, 58, 26, 67, 64, 29, 39, 61, 59, 40, 47, 55, 49, 52, 57, 48, 41, 42, 66, 50, 43, 71, 51, 56, 53, 46, 38] <-- Page - 38
[44, 58, 26, 67, 64, 29, 39, 61, 59, 40, 47, 55, 49, 52, 57, 48, 41, 42, 66, 50, 43, 71, 51, 56, 53, 38, 46] <-- Page - 46
[44, 58, 26, 67, 64, 29, 39, 61, 59, 40, 55, 49, 52, 57, 48, 41, 42, 66, 50, 43, 71, 51, 56, 53, 38, 46, 47] <-- Page - 47
[44, 58, 26, 67, 64, 29, 39, 61, 59, 40, 49, 52, 57, 48, 41, 42, 66, 50, 43, 71, 51, 56, 53, 38, 46, 47, 55] <-- Page - 55
[44, 26, 67, 64, 29, 39, 61, 59, 40, 49, 52, 57, 48, 41, 42, 66, 50, 43, 71, 51, 56, 53, 38, 46, 47, 55, 58] <-- Page - 58
[44, 26, 67, 64, 29, 39, 61, 40, 49, 52, 57, 48, 41, 42, 66, 50, 43, 71, 51, 56, 53, 38, 46, 47, 55, 58, 59] <-- Page - 59
[44, 26, 67, 64, 29, 39, 61, 40, 49, 57, 48, 41, 42, 66, 50, 43, 71, 51, 56, 53, 38, 46, 47, 55, 58, 59, 52] <-- Page - 52
[44, 26, 67, 64, 29, 39, 61, 40, 49, 57, 48, 41, 42, 66, 50, 43, 71, 51, 56, 53, 38, 46, 47, 55, 59, 52, 58] <-- Page - 58
[44, 26, 67, 64, 29, 39, 61, 40, 49, 57, 48, 41, 66, 50, 43, 71, 51, 56, 53, 38, 46, 47, 55, 59, 52, 58, 42] <-- Page - 42
[44, 26, 67, 64, 29, 39, 61, 40, 49, 57, 48, 41, 66, 50, 43, 71, 51, 56, 53, 38, 46, 47, 55, 59, 52, 58, 42, 62] <-- Page - 62 | Page Fault Here
[44, 26, 67, 64, 29, 39, 61, 40, 49, 57, 48, 41, 66, 50, 43, 71, 51, 56, 53, 38, 46, 47, 59, 52, 58, 42, 62, 55] <-- Page - 55
[44, 26, 67, 64, 29, 39, 61, 40, 49, 57, 48, 41, 66, 50, 43, 71, 51, 56, 53, 38, 46, 59, 52, 58, 42, 62, 55, 47] <-- Page - 47
[44, 26, 67, 64, 29, 39, 61, 40, 49, 57, 48, 41, 66, 50, 43, 71, 51, 56, 53, 38, 46, 59, 52, 58, 42, 62, 55, 47, 54] <-- Page - 54 | Page Fault Here
[44, 26, 67, 64, 29, 39, 61, 40, 57, 48, 41, 66, 50, 43, 71, 51, 56, 53, 38, 46, 59, 52, 58, 42, 62, 55, 47, 54, 49] <-- Page - 49
[44, 26, 67, 64, 29, 39, 40, 57, 48, 41, 66, 50, 43, 71, 51, 56, 53, 38, 46, 59, 52, 58, 42, 62, 55, 47, 54, 49, 61] <-- Page - 61
[44, 26, 67, 64, 29, 39, 40, 57, 48, 41, 66, 50, 43, 71, 51, 56, 53, 38, 46, 59, 52, 58, 42, 62, 55, 47, 54, 49, 61, 65] <-- Page - 65 | Page Fault Here
[44, 26, 67, 64, 29, 39, 40, 57, 48, 41, 66, 50, 43, 51, 56, 53, 38, 46, 59, 52, 58, 42, 62, 55, 47, 54, 49, 61, 65, 71] <-- Page - 71
[44, 26, 67, 64, 29, 39, 40, 57, 48, 41, 66, 50, 43, 51, 56, 53, 38, 46, 59, 52, 58, 42, 62, 55, 47, 54, 49, 61, 65, 71, 36] <-- Page - 36 | Page Fault Here
[44, 26, 67, 64, 29, 39, 40, 57, 48, 41, 66, 50, 43, 51, 56, 53, 38, 46, 59, 52, 58, 42, 62, 55, 47, 54, 49, 61, 65, 71, 36, 35] <-- Page - 35 | Page Fault Here
[26, 67, 64, 29, 39, 40, 57, 48, 41, 66, 50, 43, 51, 56, 53, 38, 46, 59, 52, 58, 42, 62, 55, 47, 54, 49, 61, 65, 71, 36, 35, 44] <-- Page - 44
[26, 67, 64, 29, 39, 40, 57, 48, 41, 66, 50, 43, 56, 53, 38, 46, 59, 52, 58, 42, 62, 55, 47, 54, 49, 61, 65, 71, 36, 35, 44, 51] <-- Page - 51
[26, 67, 64, 29, 39, 40, 57, 48, 41, 66, 50, 43, 56, 53, 38, 46, 59, 52, 42, 62, 55, 47, 54, 49, 61, 65, 71, 36, 35, 44, 51, 58] <-- Page - 58
[26, 67, 64, 29, 39, 40, 57, 48, 41, 66, 50, 43, 56, 38, 46, 59, 52, 42, 62, 55, 47, 54, 49, 61, 65, 71, 36, 35, 44, 51, 58, 53] <-- Page - 53
[26, 67, 64, 39, 40, 57, 48, 41, 66, 50, 43, 56, 38, 46, 59, 52, 42, 62, 55, 47, 54, 49, 61, 65, 71, 36, 35, 44, 51, 58, 53, 29] <-- Page - 29
[26, 67, 64, 39, 40, 57, 48, 41, 66, 50, 43, 56, 38, 59, 52, 42, 62, 55, 47, 54, 49, 61, 65, 71, 36, 35, 44, 51, 58, 53, 29, 46] <-- Page - 46
[26, 67, 64, 39, 40, 57, 48, 41, 66, 50, 43, 56, 38, 59, 52, 42, 62, 55, 47, 54, 49, 61, 65, 71, 36, 35, 44, 51, 53, 29, 46, 58] <-- Page - 58
[26, 67, 64, 39, 40, 57, 48, 41, 66, 50, 43, 56, 38, 59, 42, 62, 55, 47, 54, 49, 61, 65, 71, 36, 35, 44, 51, 53, 29, 46, 58, 52] <-- Page - 52
[26, 67, 64, 39, 40, 48, 41, 66, 50, 43, 56, 38, 59, 42, 62, 55, 47, 54, 49, 61, 65, 71, 36, 35, 44, 51, 53, 29, 46, 58, 52, 57] <-- Page - 57
[26, 67, 64, 39, 40, 48, 41, 66, 50, 43, 56, 38, 59, 42, 62, 55, 54, 49, 61, 65, 71, 36, 35, 44, 51, 53, 29, 46, 58, 52, 57, 47] <-- Page - 47
[26, 67, 64, 39, 40, 48, 41, 66, 50, 43, 56, 38, 59, 42, 62, 55, 54, 49, 61, 65, 71, 36, 35, 44, 51, 53, 29, 46, 58, 52, 57, 47] <-- Page - 47
[26, 67, 64, 39, 40, 48, 41, 66, 50, 43, 56, 38, 59, 42, 62, 55, 54, 49, 61, 65, 71, 36, 35, 44, 53, 29, 46, 58, 52, 57, 47, 51] <-- Page - 51
[26, 67, 64, 39, 40, 48, 41, 66, 50, 43, 56, 38, 59, 42, 62, 55, 49, 61, 65, 71, 36, 35, 44, 53, 29, 46, 58, 52, 57, 47, 51, 54] <-- Page - 54
[26, 67, 64, 39, 40, 48, 41, 66, 50, 43, 56, 38, 59, 42, 62, 55, 49, 61, 65, 71, 36, 35, 44, 53, 29, 46, 58, 52, 57, 47, 54, 51] <-- Page - 51
[26, 67, 64, 39, 40, 48, 41, 66, 50, 43, 56, 38, 59, 42, 62, 55, 49, 61, 65, 71, 36, 35, 44, 53, 29, 46, 58, 52, 57, 47, 54, 51] <-- Page - 51
[26, 67, 64, 39, 40, 48, 41, 66, 50, 56, 38, 59, 42, 62, 55, 49, 61, 65, 71, 36, 35, 44, 53, 29, 46, 58, 52, 57, 47, 54, 51, 43] <-- Page - 43
[26, 67, 64, 39, 40, 48, 41, 66, 50, 56, 38, 59, 42, 62, 55, 49, 61, 65, 71, 36, 35, 44, 29, 46, 58, 52, 57, 47, 54, 51, 43, 53] <-- Page - 53
[26, 67, 64, 39, 40, 48, 41, 66, 50, 56, 38, 59, 42, 62, 55, 49, 61, 65, 71, 36, 35, 44, 29, 46, 58, 52, 57, 47, 54, 43, 53, 51] <-- Page - 51
[26, 67, 64, 39, 40, 48, 41, 66, 50, 56, 38, 59, 42, 62, 55, 49, 65, 71, 36, 35, 44, 29, 46, 58, 52, 57, 47, 54, 43, 53, 51, 61] <-- Page - 61
[26, 67, 64, 39, 40, 48, 41, 66, 50, 56, 38, 59, 42, 62, 55, 49, 65, 71, 36, 35, 44, 29, 46, 58, 52, 57, 47, 54, 43, 53, 51, 61] <-- Page - 61
[26, 67, 64, 39, 40, 48, 41, 66, 50, 56, 38, 59, 42, 62, 55, 49, 65, 71, 36, 35, 44, 29, 46, 58, 52, 57, 47, 54, 43, 53, 61, 51] <-- Page - 51
[26, 67, 64, 39, 40, 48, 41, 66, 50, 56, 38, 59, 42, 62, 55, 49, 65, 71, 36, 35, 44, 29, 58, 52, 57, 47, 54, 43, 53, 61, 51, 46] <-- Page - 46
[26, 67, 64, 39, 40, 48, 41, 66, 50, 56, 38, 59, 42, 62, 55, 49, 65, 71, 36, 35, 44, 29, 58, 52, 57, 47, 54, 53, 61, 51, 46, 43] <-- Page - 43
[26, 67, 64, 39, 40, 48, 41, 66, 50, 56, 38, 59, 42, 62, 55, 49, 65, 71, 36, 35, 44, 29, 58, 52, 57, 47, 53, 61, 51, 46, 43, 54] <-- Page - 54
[26, 67, 64, 39, 40, 48, 41, 66, 56, 38, 59, 42, 62, 55, 49, 65, 71, 36, 35, 44, 29, 58, 52, 57, 47, 53, 61, 51, 46, 43, 54, 50] <-- Page - 50
[26, 67, 64, 39, 40, 48, 41, 66, 56, 38, 59, 42, 62, 55, 49, 65, 71, 36, 35, 44, 29, 58, 52, 57, 47, 53, 61, 51, 43, 54, 50, 46] <-- Page - 46
[26, 67, 64, 39, 40, 48, 41, 66, 56, 38, 59, 42, 62, 55, 49, 65, 71, 36, 35, 44, 29, 58, 52, 57, 47, 53, 61, 51, 43, 54, 46, 50] <-- Page - 50
[26, 67, 64, 39, 40, 48, 41, 66, 56, 38, 59, 42, 62, 55, 49, 65, 71, 36, 35, 44, 29, 58, 52, 57, 47, 53, 61, 51, 54, 46, 50, 43] <-- Page - 43
[26, 67, 64, 39, 40, 48, 41, 66, 38, 59, 42, 62, 55, 49, 65, 71, 36, 35, 44, 29, 58, 52, 57, 47, 53, 61, 51, 54, 46, 50, 43, 56] <-- Page - 56
[26, 67, 64, 39, 40, 48, 41, 66, 38, 59, 42, 62, 55, 49, 65, 71, 36, 35, 44, 29, 58, 52, 57, 47, 53, 61, 51, 54, 46, 50, 43, 56, 45] <-- Page - 45 | Page Fault Here
[26, 67, 64, 39, 40, 48, 41, 66, 38, 59, 42, 55, 49, 65, 71, 36, 35, 44, 29, 58, 52, 57, 47, 53, 61, 51, 54, 46, 50, 43, 56, 45, 62] <-- Page - 62
[26, 67, 64, 39, 40, 48, 41, 66, 38, 59, 42, 55, 49, 65, 71, 36, 35, 44, 29, 58, 52, 57, 47, 53, 61, 51, 46, 50, 43, 56, 45, 62, 54] <-- Page - 54
[26, 67, 64, 39, 40, 48, 41, 66, 38, 59, 42, 49, 65, 71, 36, 35, 44, 29, 58, 52, 57, 47, 53, 61, 51, 46, 50, 43, 56, 45, 62, 54, 55] <-- Page - 55
[26, 67, 64, 40, 48, 41, 66, 38, 59, 42, 49, 65, 71, 36, 35, 44, 29, 58, 52, 57, 47, 53, 61, 51, 46, 50, 43, 56, 45, 62, 54, 55, 39] <-- Page - 39
[26, 67, 64, 40, 48, 41, 66, 38, 59, 42, 49, 65, 71, 36, 35, 44, 29, 58, 52, 57, 47, 53, 61, 46, 50, 43, 56, 45, 62, 54, 55, 39, 51] <-- Page - 51
[26, 67, 64, 40, 48, 41, 66, 38, 59, 42, 49, 65, 71, 36, 35, 44, 29, 58, 52, 47, 53, 61, 46, 50, 43, 56, 45, 62, 54, 55, 39, 51, 57] <-- Page - 57
[26, 67, 64, 48, 41, 66, 38, 59, 42, 49, 65, 71, 36, 35, 44, 29, 58, 52, 47, 53, 61, 46, 50, 43, 56, 45, 62, 54, 55, 39, 51, 57, 40] <-- Page - 40
[26, 67, 64, 48, 41, 66, 38, 59, 42, 49, 65, 71, 36, 35, 44, 29, 58, 52, 53, 61, 46, 50, 43, 56, 45, 62, 54, 55, 39, 51, 57, 40, 47] <-- Page - 47
[26, 67, 64, 48, 41, 66, 38, 59, 42, 49, 65, 71, 36, 35, 44, 29, 58, 52, 53, 61, 46, 43, 56, 45, 62, 54, 55, 39, 51, 57, 40, 47, 50] <-- Page - 50
[26, 67, 64, 48, 41, 66, 38, 59, 42, 49, 65, 71, 35, 44, 29, 58, 52, 53, 61, 46, 43, 56, 45, 62, 54, 55, 39, 51, 57, 40, 47, 50, 36] <-- Page - 36
[26, 67, 64, 48, 41, 66, 38, 59, 42, 49, 65, 71, 35, 44, 29, 58, 52, 61, 46, 43, 56, 45, 62, 54, 55, 39, 51, 57, 40, 47, 50, 36, 53] <-- Page - 53
[26, 67, 64, 48, 41, 66, 38, 59, 42, 49, 65, 71, 35, 44, 29, 52, 61, 46, 43, 56, 45, 62, 54, 55, 39, 51, 57, 40, 47, 50, 36, 53, 58] <-- Page - 58
[26, 67, 64, 48, 66, 38, 59, 42, 49, 65, 71, 35, 44, 29, 52, 61, 46, 43, 56, 45, 62, 54, 55, 39, 51, 57, 40, 47, 50, 36, 53, 58, 41] <-- Page - 41
[26, 67, 64, 48, 66, 38, 59, 42, 49, 65, 71, 35, 44, 29, 52, 61, 46, 43, 56, 45, 62, 54, 55, 39, 51, 57, 40, 47, 50, 36, 58, 41, 53] <-- Page - 53
[26, 67, 64, 48, 66, 38, 59, 42, 49, 65, 71, 35, 44, 29, 52, 61, 46, 43, 56, 45, 62, 54, 55, 39, 51, 57, 40, 47, 50, 58, 41, 53, 36] <-- Page - 36
[26, 67, 64, 48, 66, 38, 59, 42, 65, 71, 35, 44, 29, 52, 61, 46, 43, 56, 45, 62, 54, 55, 39, 51, 57, 40, 47, 50, 58, 41, 53, 36, 49] <-- Page - 49
[26, 67, 64, 48, 66, 38, 59, 42, 65, 71, 35, 44, 29, 52, 61, 46, 43, 56, 45, 62, 54, 55, 39, 51, 57, 40, 47, 50, 58, 41, 53, 36, 49, 33] <-- Page - 33 | Page Fault Here
[26, 67, 64, 48, 66, 38, 59, 42, 65, 71, 35, 44, 29, 52, 46, 43, 56, 45, 62, 54, 55, 39, 51, 57, 40, 47, 50, 58, 41, 53, 36, 49, 33, 61] <-- Page - 61
[26, 67, 64, 48, 66, 38, 59, 42, 65, 71, 35, 44, 29, 52, 46, 43, 56, 45, 62, 55, 39, 51, 57, 40, 47, 50, 58, 41, 53, 36, 49, 33, 61, 54] <-- Page - 54
[26, 67, 64, 48, 66, 38, 59, 42, 65, 71, 35, 44, 29, 52, 46, 43, 56, 45, 62, 55, 39, 51, 57, 40, 47, 50, 58, 41, 53, 36, 33, 61, 54, 49] <-- Page - 49
[26, 67, 64, 48, 66, 38, 59, 65, 71, 35, 44, 29, 52, 46, 43, 56, 45, 62, 55, 39, 51, 57, 40, 47, 50, 58, 41, 53, 36, 33, 61, 54, 49, 42] <-- Page - 42
[26, 67, 64, 48, 66, 38, 59, 65, 71, 35, 44, 29, 52, 46, 43, 56, 45, 55, 39, 51, 57, 40, 47, 50, 58, 41, 53, 36, 33, 61, 54, 49, 42, 62] <-- Page - 62
[26, 67, 64, 48, 66, 38, 59, 65, 71, 35, 44, 29, 52, 46, 43, 56, 45, 55, 39, 51, 57, 40, 47, 50, 58, 41, 53, 36, 33, 61, 54, 49, 42, 62, 69] <-- Page - 69 | Page Fault Here
[26, 67, 64, 48, 66, 38, 59, 65, 71, 35, 44, 29, 52, 46, 43, 56, 45, 55, 39, 51, 57, 40, 47, 50, 58, 41, 53, 36, 33, 61, 54, 49, 42, 62, 69, 31] <-- Page - 31 | Page Fault Here
[26, 67, 64, 48, 66, 38, 59, 65, 71, 35, 44, 29, 52, 46, 43, 56, 45, 55, 39, 51, 57, 40, 47, 50, 58, 41, 53, 36, 33, 61, 54, 49, 42, 69, 31, 62] <-- Page - 62
[26, 67, 64, 48, 38, 59, 65, 71, 35, 44, 29, 52, 46, 43, 56, 45, 55, 39, 51, 57, 40, 47, 50, 58, 41, 53, 36, 33, 61, 54, 49, 42, 69, 31, 62, 66] <-- Page - 66
[26, 67, 64, 48, 38, 59, 65, 71, 35, 44, 29, 52, 46, 43, 56, 45, 55, 39, 51, 57, 40, 47, 50, 58, 41, 36, 33, 61, 54, 49, 42, 69, 31, 62, 66, 53] <-- Page - 53
[26, 67, 64, 48, 59, 65, 71, 35, 44, 29, 52, 46, 43, 56, 45, 55, 39, 51, 57, 40, 47, 50, 58, 41, 36, 33, 61, 54, 49, 42, 69, 31, 62, 66, 53, 38] <-- Page - 38
[26, 67, 64, 48, 59, 65, 71, 35, 44, 29, 52, 46, 43, 56, 45, 55, 39, 51, 57, 40, 47, 50, 41, 36, 33, 61, 54, 49, 42, 69, 31, 62, 66, 53, 38, 58] <-- Page - 58
[26, 67, 64, 59, 65, 71, 35, 44, 29, 52, 46, 43, 56, 45, 55, 39, 51, 57, 40, 47, 50, 41, 36, 33, 61, 54, 49, 42, 69, 31, 62, 66, 53, 38, 58, 48] <-- Page - 48
[26, 67, 64, 59, 65, 71, 35, 44, 29, 52, 46, 56, 45, 55, 39, 51, 57, 40, 47, 50, 41, 36, 33, 61, 54, 49, 42, 69, 31, 62, 66, 53, 38, 58, 48, 43] <-- Page - 43
[26, 67, 64, 59, 65, 71, 35, 44, 29, 52, 46, 56, 45, 55, 39, 51, 57, 40, 47, 50, 41, 36, 33, 61, 54, 49, 42, 69, 31, 62, 66, 53, 38, 58, 48, 43, 37] <-- Page - 37 | Page Fault Here
[26, 67, 64, 59, 65, 71, 35, 44, 29, 52, 46, 56, 45, 39, 51, 57, 40, 47, 50, 41, 36, 33, 61, 54, 49, 42, 69, 31, 62, 66, 53, 38, 58, 48, 43, 37, 55] <-- Page - 55
[26, 67, 64, 59, 65, 71, 35, 44, 29, 52, 46, 56, 45, 39, 51, 40, 47, 50, 41, 36, 33, 61, 54, 49, 42, 69, 31, 62, 66, 53, 38, 58, 48, 43, 37, 55, 57] <-- Page - 57
[26, 67, 64, 59, 65, 71, 35, 44, 29, 52, 46, 56, 45, 39, 51, 40, 47, 50, 41, 36, 33, 61, 54, 49, 42, 69, 31, 62, 66, 53, 38, 58, 48, 37, 55, 57, 43] <-- Page - 43
[26, 67, 64, 59, 65, 71, 35, 44, 29, 52, 46, 56, 45, 39, 51, 40, 47, 50, 41, 36, 33, 61, 54, 49, 42, 69, 31, 62, 66, 53, 38, 58, 48, 37, 57, 43, 55] <-- Page - 55
[26, 67, 64, 59, 65, 71, 35, 44, 29, 52, 46, 56, 45, 39, 51, 40, 47, 50, 41, 36, 33, 61, 54, 49, 42, 69, 31, 62, 66, 53, 58, 48, 37, 57, 43, 55, 38] <-- Page - 38
[26, 67, 64, 59, 65, 71, 35, 44, 29, 52, 46, 56, 45, 39, 51, 40, 47, 50, 41, 36, 33, 61, 54, 49, 42, 69, 31, 62, 66, 53, 48, 37, 57, 43, 55, 38, 58] <-- Page - 58
[26, 67, 64, 59, 65, 71, 35, 44, 29, 52, 46, 56, 45, 39, 51, 40, 47, 41, 36, 33, 61, 54, 49, 42, 69, 31, 62, 66, 53, 48, 37, 57, 43, 55, 38, 58, 50] <-- Page - 50
[26, 67, 64, 59, 65, 71, 35, 44, 29, 52, 46, 56, 45, 39, 51, 40, 47, 41, 36, 33, 61, 54, 49, 42, 69, 31, 62, 66, 53, 37, 57, 43, 55, 38, 58, 50, 48] <-- Page - 48
[26, 67, 64, 59, 65, 71, 35, 44, 29, 52, 46, 56, 45, 39, 51, 40, 47, 41, 36, 33, 61, 54, 49, 42, 69, 31, 62, 66, 53, 37, 57, 43, 55, 38, 58, 50, 48] <-- Page - 48
[26, 67, 64, 59, 65, 71, 35, 44, 29, 52, 46, 56, 45, 39, 51, 40, 47, 41, 36, 33, 61, 54, 49, 42, 69, 31, 62, 66, 53, 37, 57, 43, 55, 38, 50, 48, 58] <-- Page - 58
[26, 67, 64, 59, 65, 71, 35, 44, 29, 52, 46, 56, 45, 39, 51, 40, 47, 41, 36, 33, 61, 54, 49, 42, 69, 31, 62, 66, 53, 37, 43, 55, 38, 50, 48, 58, 57] <-- Page - 57
[26, 67, 64, 59, 65, 71, 35, 44, 29, 52, 46, 56, 45, 39, 51, 40, 47, 41, 36, 33, 61, 54, 49, 42, 69, 31, 62, 66, 53, 37, 43, 38, 50, 48, 58, 57, 55] <-- Page - 55
[26, 67, 64, 59, 65, 71, 35, 44, 29, 52, 46, 56, 45, 39, 40, 47, 41, 36, 33, 61, 54, 49, 42, 69, 31, 62, 66, 53, 37, 43, 38, 50, 48, 58, 57, 55, 51] <-- Page - 51
[26, 67, 64, 59, 65, 71, 35, 44, 29, 52, 46, 56, 45, 39, 40, 47, 41, 36, 33, 61, 54, 49, 42, 69, 31, 62, 66, 53, 37, 43, 38, 48, 58, 57, 55, 51, 50] <-- Page - 50
[26, 67, 64, 59, 65, 71, 35, 44, 29, 52, 46, 45, 39, 40, 47, 41, 36, 33, 61, 54, 49, 42, 69, 31, 62, 66, 53, 37, 43, 38, 48, 58, 57, 55, 51, 50, 56] <-- Page - 56
[26, 67, 64, 59, 65, 71, 35, 44, 29, 46, 45, 39, 40, 47, 41, 36, 33, 61, 54, 49, 42, 69, 31, 62, 66, 53, 37, 43, 38, 48, 58, 57, 55, 51, 50, 56, 52] <-- Page - 52
[26, 67, 64, 59, 65, 71, 35, 44, 29, 46, 45, 39, 40, 47, 41, 36, 33, 61, 54, 49, 42, 69, 31, 62, 66, 53, 37, 43, 38, 48, 58, 57, 55, 51, 50, 52, 56] <-- Page - 56
[26, 67, 64, 59, 65, 71, 35, 44, 29, 45, 39, 40, 47, 41, 36, 33, 61, 54, 49, 42, 69, 31, 62, 66, 53, 37, 43, 38, 48, 58, 57, 55, 51, 50, 52, 56, 46] <-- Page - 46
[26, 67, 64, 59, 65, 71, 35, 44, 29, 45, 39, 40, 47, 41, 36, 33, 61, 54, 49, 42, 69, 31, 62, 66, 53, 37, 43, 38, 48, 58, 57, 55, 51, 50, 52, 56, 46, 25] <-- Page - 25 | Page Fault Here
[26, 67, 64, 59, 65, 71, 35, 44, 29, 45, 39, 40, 47, 41, 36, 33, 61, 54, 49, 42, 69, 31, 62, 66, 53, 37, 43, 38, 48, 58, 57, 55, 51, 50, 52, 56, 46, 25, 60] <-- Page - 60 | Page Fault Here
[26, 67, 64, 59, 65, 35, 44, 29, 45, 39, 40, 47, 41, 36, 33, 61, 54, 49, 42, 69, 31, 62, 66, 53, 37, 43, 38, 48, 58, 57, 55, 51, 50, 52, 56, 46, 25, 60, 71] <-- Page - 71
[26, 67, 64, 59, 65, 35, 44, 29, 45, 39, 40, 47, 41, 36, 33, 61, 49, 42, 69, 31, 62, 66, 53, 37, 43, 38, 48, 58, 57, 55, 51, 50, 52, 56, 46, 25, 60, 71, 54] <-- Page - 54
[26, 67, 64, 59, 65, 35, 44, 29, 45, 39, 40, 47, 41, 36, 33, 61, 49, 42, 69, 31, 62, 66, 53, 37, 43, 38, 58, 57, 55, 51, 50, 52, 56, 46, 25, 60, 71, 54, 48] <-- Page - 48
[26, 67, 64, 59, 65, 35, 44, 29, 45, 39, 40, 47, 41, 36, 33, 61, 49, 42, 69, 31, 62, 66, 53, 37, 43, 38, 58, 57, 55, 51, 50, 52, 56, 46, 25, 60, 71, 54, 48] <-- Page - 48
[26, 67, 64, 59, 65, 35, 44, 29, 45, 39, 40, 47, 41, 36, 33, 61, 49, 42, 69, 31, 62, 66, 53, 37, 43, 38, 58, 57, 55, 51, 50, 52, 56, 46, 25, 60, 71, 54, 48] <-- Page - 48
[26, 67, 64, 59, 65, 35, 44, 29, 45, 39, 40, 47, 41, 36, 33, 61, 49, 42, 69, 31, 62, 66, 53, 37, 43, 38, 58, 57, 55, 51, 52, 56, 46, 25, 60, 71, 54, 48, 50] <-- Page - 50
[26, 67, 64, 59, 65, 35, 44, 29, 45, 39, 40, 47, 41, 36, 33, 61, 49, 42, 69, 31, 62, 66, 53, 37, 43, 58, 57, 55, 51, 52, 56, 46, 25, 60, 71, 54, 48, 50, 38] <-- Page - 38
[26, 67, 64, 59, 65, 35, 29, 45, 39, 40, 47, 41, 36, 33, 61, 49, 42, 69, 31, 62, 66, 53, 37, 43, 58, 57, 55, 51, 52, 56, 46, 25, 60, 71, 54, 48, 50, 38, 44] <-- Page - 44
[26, 67, 64, 59, 65, 35, 29, 45, 39, 47, 41, 36, 33, 61, 49, 42, 69, 31, 62, 66, 53, 37, 43, 58, 57, 55, 51, 52, 56, 46, 25, 60, 71, 54, 48, 50, 38, 44, 40] <-- Page - 40
[26, 67, 64, 59, 65, 35, 29, 45, 39, 47, 41, 36, 33, 61, 49, 42, 69, 31, 62, 66, 53, 37, 43, 58, 57, 55, 51, 56, 46, 25, 60, 71, 54, 48, 50, 38, 44, 40, 52] <-- Page - 52
[26, 67, 64, 59, 65, 35, 29, 45, 39, 41, 36, 33, 61, 49, 42, 69, 31, 62, 66, 53, 37, 43, 58, 57, 55, 51, 56, 46, 25, 60, 71, 54, 48, 50, 38, 44, 40, 52, 47] <-- Page - 47
[26, 67, 64, 59, 65, 35, 29, 45, 39, 41, 36, 33, 61, 49, 42, 69, 31, 62, 66, 53, 37, 43, 58, 57, 55, 51, 56, 46, 25, 60, 71, 48, 50, 38, 44, 40, 52, 47, 54] <-- Page - 54
[26, 67, 64, 59, 65, 35, 29, 45, 39, 41, 36, 33, 61, 49, 42, 69, 31, 62, 66, 53, 37, 43, 58, 57, 55, 51, 56, 46, 25, 60, 71, 50, 38, 44, 40, 52, 47, 54, 48] <-- Page - 48
[26, 67, 64, 65, 35, 29, 45, 39, 41, 36, 33, 61, 49, 42, 69, 31, 62, 66, 53, 37, 43, 58, 57, 55, 51, 56, 46, 25, 60, 71, 50, 38, 44, 40, 52, 47, 54, 48, 59] <-- Page - 59
[26, 67, 64, 65, 35, 29, 45, 39, 41, 36, 33, 61, 49, 42, 69, 31, 62, 66, 53, 37, 43, 58, 57, 55, 51, 56, 46, 25, 60, 71, 50, 38, 44, 40, 47, 54, 48, 59, 52] <-- Page - 52
[26, 67, 64, 65, 35, 29, 45, 39, 41, 36, 33, 61, 49, 42, 69, 31, 62, 66, 53, 37, 43, 58, 57, 55, 51, 56, 46, 25, 60, 50, 38, 44, 40, 47, 54, 48, 59, 52, 71] <-- Page - 71
[26, 67, 64, 65, 35, 29, 45, 39, 41, 36, 33, 61, 49, 42, 69, 62, 66, 53, 37, 43, 58, 57, 55, 51, 56, 46, 25, 60, 50, 38, 44, 40, 47, 54, 48, 59, 52, 71, 31] <-- Page - 31
[26, 67, 64, 65, 35, 29, 45, 39, 41, 36, 33, 61, 49, 42, 69, 62, 66, 53, 37, 58, 57, 55, 51, 56, 46, 25, 60, 50, 38, 44, 40, 47, 54, 48, 59, 52, 71, 31, 43] <-- Page - 43
[26, 67, 64, 65, 35, 29, 45, 39, 41, 36, 33, 61, 49, 42, 69, 62, 66, 53, 37, 58, 57, 55, 51, 56, 46, 25, 60, 50, 38, 44, 40, 47, 54, 48, 52, 71, 31, 43, 59] <-- Page - 59
[26, 67, 64, 65, 35, 29, 45, 39, 41, 36, 33, 61, 49, 42, 69, 62, 66, 53, 37, 58, 57, 55, 51, 56, 46, 25, 60, 50, 38, 44, 40, 47, 54, 48, 52, 71, 31, 43, 59, 75] <-- Page - 75 | Page Fault Here
[26, 67, 64, 65, 35, 29, 45, 39, 41, 36, 33, 61, 49, 42, 69, 62, 66, 53, 37, 58, 57, 55, 51, 56, 46, 25, 60, 50, 38, 44, 40, 54, 48, 52, 71, 31, 43, 59, 75, 47] <-- Page - 47
[26, 67, 64, 65, 35, 29, 45, 39, 41, 36, 33, 61, 49, 42, 69, 62, 66, 53, 37, 58, 57, 55, 51, 56, 46, 25, 60, 38, 44, 40, 54, 48, 52, 71, 31, 43, 59, 75, 47, 50] <-- Page - 50
[26, 67, 64, 65, 35, 29, 45, 39, 41, 36, 33, 61, 49, 42, 69, 62, 66, 53, 37, 58, 57, 55, 51, 56, 46, 25, 60, 38, 44, 40, 54, 48, 52, 71, 31, 43, 59, 75, 50, 47] <-- Page - 47
[26, 67, 64, 65, 35, 29, 45, 39, 41, 36, 33, 61, 49, 42, 69, 62, 66, 53, 37, 58, 57, 55, 51, 56, 46, 25, 60, 38, 44, 40, 54, 48, 52, 71, 31, 43, 59, 75, 50, 47, 63] <-- Page - 63 | Page Fault Here
[26, 67, 64, 65, 35, 29, 45, 39, 41, 36, 33, 61, 49, 42, 69, 62, 66, 53, 37, 58, 57, 55, 51, 56, 46, 25, 60, 38, 44, 40, 54, 48, 52, 71, 31, 43, 59, 75, 50, 63, 47] <-- Page - 47
[26, 67, 64, 65, 35, 29, 45, 39, 41, 36, 33, 61, 49, 42, 69, 62, 66, 53, 37, 58, 57, 55, 51, 46, 25, 60, 38, 44, 40, 54, 48, 52, 71, 31, 43, 59, 75, 50, 63, 47, 56] <-- Page - 56
[26, 67, 64, 65, 35, 29, 45, 39, 41, 36, 33, 61, 49, 42, 69, 62, 66, 53, 37, 58, 57, 55, 51, 25, 60, 38, 44, 40, 54, 48, 52, 71, 31, 43, 59, 75, 50, 63, 47, 56, 46] <-- Page - 46
[26, 67, 64, 65, 35, 29, 45, 39, 41, 36, 33, 61, 49, 42, 69, 62, 66, 53, 58, 57, 55, 51, 25, 60, 38, 44, 40, 54, 48, 52, 71, 31, 43, 59, 75, 50, 63, 47, 56, 46, 37] <-- Page - 37
[26, 67, 64, 65, 35, 29, 45, 39, 41, 36, 33, 61, 49, 42, 69, 62, 66, 58, 57, 55, 51, 25, 60, 38, 44, 40, 54, 48, 52, 71, 31, 43, 59, 75, 50, 63, 47, 56, 46, 37, 53] <-- Page - 53
[26, 67, 64, 65, 35, 29, 45, 39, 41, 36, 33, 61, 49, 42, 69, 62, 66, 58, 57, 51, 25, 60, 38, 44, 40, 54, 48, 52, 71, 31, 43, 59, 75, 50, 63, 47, 56, 46, 37, 53, 55] <-- Page - 55
[26, 67, 64, 65, 35, 29, 45, 39, 41, 36, 33, 61, 49, 42, 69, 66, 58, 57, 51, 25, 60, 38, 44, 40, 54, 48, 52, 71, 31, 43, 59, 75, 50, 63, 47, 56, 46, 37, 53, 55, 62] <-- Page - 62
[26, 67, 64, 65, 35, 29, 45, 39, 41, 36, 33, 61, 49, 42, 69, 66, 58, 57, 51, 25, 60, 38, 44, 40, 54, 52, 71, 31, 43, 59, 75, 50, 63, 47, 56, 46, 37, 53, 55, 62, 48] <-- Page - 48
[26, 67, 64, 65, 35, 29, 45, 39, 41, 36, 33, 61, 49, 42, 69, 66, 58, 57, 51, 25, 60, 38, 44, 40, 54, 52, 71, 31, 59, 75, 50, 63, 47, 56, 46, 37, 53, 55, 62, 48, 43] <-- Page - 43
[26, 67, 64, 65, 35, 29, 45, 39, 41, 36, 33, 61, 49, 42, 69, 66, 58, 57, 51, 25, 60, 38, 44, 40, 54, 52, 71, 31, 59, 75, 50, 63, 47, 56, 46, 37, 53, 62, 48, 43, 55] <-- Page - 55
[26, 67, 64, 65, 35, 29, 45, 39, 41, 36, 33, 61, 49, 42, 69, 66, 58, 57, 51, 25, 60, 38, 44, 40, 54, 71, 31, 59, 75, 50, 63, 47, 56, 46, 37, 53, 62, 48, 43, 55, 52] <-- Page - 52
[26, 67, 64, 65, 35, 29, 45, 39, 41, 36, 33, 61, 49, 42, 69, 66, 58, 57, 51, 25, 60, 38, 44, 40, 54, 71, 31, 59, 75, 50, 63, 47, 56, 46, 37, 53, 62, 48, 43, 55, 52] <-- Page - 52
[26, 67, 64, 65, 35, 29, 45, 39, 41, 36, 33, 61, 42, 69, 66, 58, 57, 51, 25, 60, 38, 44, 40, 54, 71, 31, 59, 75, 50, 63, 47, 56, 46, 37, 53, 62, 48, 43, 55, 52, 49] <-- Page - 49
[26, 67, 64, 65, 35, 29, 45, 39, 41, 36, 33, 42, 69, 66, 58, 57, 51, 25, 60, 38, 44, 40, 54, 71, 31, 59, 75, 50, 63, 47, 56, 46, 37, 53, 62, 48, 43, 55, 52, 49, 61] <-- Page - 61
[26, 67, 64, 65, 35, 29, 45, 39, 41, 36, 33, 42, 69, 66, 58, 57, 51, 25, 60, 38, 44, 40, 54, 71, 31, 59, 75, 50, 63, 47, 56, 46, 37, 62, 48, 43, 55, 52, 49, 61, 53] <-- Page - 53
[26, 67, 64, 65, 35, 29, 45, 39, 41, 36, 33, 42, 66, 58, 57, 51, 25, 60, 38, 44, 40, 54, 71, 31, 59, 75, 50, 63, 47, 56, 46, 37, 62, 48, 43, 55, 52, 49, 61, 53, 69] <-- Page - 69
[26, 67, 64, 65, 35, 29, 45, 39, 41, 36, 33, 42, 66, 58, 57, 51, 25, 60, 38, 44, 40, 54, 71, 31, 59, 75, 50, 63, 47, 56, 46, 37, 62, 48, 43, 55, 52, 49, 53, 69, 61] <-- Page - 61
[26, 67, 64, 65, 35, 29, 45, 39, 41, 36, 33, 42, 66, 58, 57, 51, 25, 60, 38, 44, 40, 54, 71, 31, 59, 75, 50, 63, 47, 46, 37, 62, 48, 43, 55, 52, 49, 53, 69, 61, 56] <-- Page - 56
[26, 67, 64, 65, 35, 29, 45, 39, 41, 36, 42, 66, 58, 57, 51, 25, 60, 38, 44, 40, 54, 71, 31, 59, 75, 50, 63, 47, 46, 37, 62, 48, 43, 55, 52, 49, 53, 69, 61, 56, 33] <-- Page - 33
[26, 67, 64, 65, 35, 29, 45, 39, 41, 36, 42, 66, 58, 57, 51, 25, 60, 38, 44, 40, 54, 71, 31, 59, 75, 50, 63, 47, 46, 37, 62, 48, 43, 55, 52, 49, 53, 69, 61, 33, 56] <-- Page - 56
[26, 67, 64, 65, 35, 29, 45, 39, 41, 36, 42, 66, 58, 57, 51, 25, 60, 38, 44, 40, 71, 31, 59, 75, 50, 63, 47, 46, 37, 62, 48, 43, 55, 52, 49, 53, 69, 61, 33, 56, 54] <-- Page - 54
[26, 67, 64, 65, 35, 29, 45, 39, 41, 36, 42, 66, 57, 51, 25, 60, 38, 44, 40, 71, 31, 59, 75, 50, 63, 47, 46, 37, 62, 48, 43, 55, 52, 49, 53, 69, 61, 33, 56, 54, 58] <-- Page - 58
[26, 67, 64, 65, 35, 29, 45, 39, 41, 36, 42, 66, 57, 51, 25, 38, 44, 40, 71, 31, 59, 75, 50, 63, 47, 46, 37, 62, 48, 43, 55, 52, 49, 53, 69, 61, 33, 56, 54, 58, 60] <-- Page - 60
[26, 67, 64, 65, 35, 29, 39, 41, 36, 42, 66, 57, 51, 25, 38, 44, 40, 71, 31, 59, 75, 50, 63, 47, 46, 37, 62, 48, 43, 55, 52, 49, 53, 69, 61, 33, 56, 54, 58, 60, 45] <-- Page - 45
[26, 67, 64, 65, 35, 29, 39, 41, 36, 42, 66, 57, 51, 25, 38, 44, 40, 71, 31, 59, 75, 50, 63, 47, 46, 37, 62, 48, 43, 55, 52, 49, 53, 69, 61, 33, 56, 54, 60, 45, 58] <-- Page - 58
[26, 67, 64, 65, 35, 29, 39, 41, 36, 42, 66, 57, 51, 25, 38, 40, 71, 31, 59, 75, 50, 63, 47, 46, 37, 62, 48, 43, 55, 52, 49, 53, 69, 61, 33, 56, 54, 60, 45, 58, 44] <-- Page - 44
[26, 67, 64, 65, 35, 29, 39, 41, 36, 42, 66, 57, 51, 25, 38, 40, 71, 31, 59, 75, 50, 63, 47, 46, 37, 62, 48, 43, 55, 52, 49, 53, 61, 33, 56, 54, 60, 45, 58, 44, 69] <-- Page - 69
[26, 67, 64, 65, 35, 29, 39, 41, 42, 66, 57, 51, 25, 38, 40, 71, 31, 59, 75, 50, 63, 47, 46, 37, 62, 48, 43, 55, 52, 49, 53, 61, 33, 56, 54, 60, 45, 58, 44, 69, 36] <-- Page - 36
[26, 67, 64, 65, 35, 29, 39, 41, 42, 66, 57, 51, 25, 38, 40, 71, 31, 59, 75, 50, 63, 47, 46, 37, 62, 48, 43, 55, 52, 49, 53, 61, 33, 56, 54, 60, 45, 58, 44, 69, 36, 32] <-- Page - 32 | Page Fault Here
[26, 67, 64, 65, 35, 29, 39, 41, 42, 66, 57, 51, 25, 38, 40, 71, 31, 59, 75, 50, 63, 47, 46, 37, 62, 48, 43, 55, 52, 49, 53, 61, 56, 54, 60, 45, 58, 44, 69, 36, 32, 33] <-- Page - 33
[26, 67, 64, 65, 35, 29, 39, 42, 66, 57, 51, 25, 38, 40, 71, 31, 59, 75, 50, 63, 47, 46, 37, 62, 48, 43, 55, 52, 49, 53, 61, 56, 54, 60, 45, 58, 44, 69, 36, 32, 33, 41] <-- Page - 41
[26, 67, 64, 65, 35, 29, 39, 42, 66, 57, 51, 25, 40, 71, 31, 59, 75, 50, 63, 47, 46, 37, 62, 48, 43, 55, 52, 49, 53, 61, 56, 54, 60, 45, 58, 44, 69, 36, 32, 33, 41, 38] <-- Page - 38
[26, 67, 64, 65, 35, 29, 39, 42, 66, 57, 51, 25, 40, 71, 31, 59, 75, 50, 63, 47, 46, 37, 62, 48, 43, 55, 52, 49, 53, 61, 56, 54, 60, 45, 58, 44, 36, 32, 33, 41, 38, 69] <-- Page - 69
[26, 67, 64, 65, 35, 29, 39, 42, 66, 57, 51, 25, 40, 71, 31, 59, 75, 50, 63, 47, 37, 62, 48, 43, 55, 52, 49, 53, 61, 56, 54, 60, 45, 58, 44, 36, 32, 33, 41, 38, 69, 46] <-- Page - 46
[26, 67, 64, 65, 35, 29, 39, 42, 66, 57, 51, 25, 40, 71, 31, 59, 75, 50, 63, 47, 37, 62, 48, 43, 55, 52, 49, 53, 61, 56, 54, 60, 45, 58, 44, 32, 33, 41, 38, 69, 46, 36] <-- Page - 36
[26, 67, 64, 65, 35, 29, 39, 42, 66, 57, 51, 25, 40, 71, 31, 59, 75, 50, 63, 47, 37, 62, 48, 43, 55, 52, 49, 53, 56, 54, 60, 45, 58, 44, 32, 33, 41, 38, 69, 46, 36, 61] <-- Page - 61
[26, 67, 64, 65, 35, 29, 39, 42, 66, 57, 51, 25, 40, 71, 31, 59, 75, 50, 63, 47, 37, 62, 48, 43, 55, 52, 49, 53, 56, 54, 60, 45, 58, 32, 33, 41, 38, 69, 46, 36, 61, 44] <-- Page - 44
[26, 67, 64, 65, 35, 29, 39, 42, 66, 57, 51, 25, 40, 71, 31, 59, 75, 50, 63, 47, 62, 48, 43, 55, 52, 49, 53, 56, 54, 60, 45, 58, 32, 33, 41, 38, 69, 46, 36, 61, 44, 37] <-- Page - 37
[26, 67, 64, 65, 35, 29, 39, 42, 66, 57, 51, 25, 40, 71, 31, 59, 75, 50, 63, 47, 62, 48, 43, 55, 52, 49, 53, 56, 54, 60, 45, 32, 33, 41, 38, 69, 46, 36, 61, 44, 37, 58] <-- Page - 58
[26, 67, 64, 65, 35, 29, 39, 42, 66, 57, 51, 25, 40, 71, 31, 59, 75, 50, 63, 47, 62, 48, 43, 55, 52, 49, 53, 54, 60, 45, 32, 33, 41, 38, 69, 46, 36, 61, 44, 37, 58, 56] <-- Page - 56
[26, 67, 64, 65, 35, 29, 39, 42, 66, 57, 51, 25, 40, 71, 31, 59, 75, 50, 63, 47, 62, 48, 43, 55, 52, 49, 53, 54, 60, 32, 33, 41, 38, 69, 46, 36, 61, 44, 37, 58, 56, 45] <-- Page - 45
[26, 67, 65, 35, 29, 39, 42, 66, 57, 51, 25, 40, 71, 31, 59, 75, 50, 63, 47, 62, 48, 43, 55, 52, 49, 53, 54, 60, 32, 33, 41, 38, 69, 46, 36, 61, 44, 37, 58, 56, 45, 64] <-- Page - 64
[26, 67, 65, 35, 29, 39, 42, 66, 57, 25, 40, 71, 31, 59, 75, 50, 63, 47, 62, 48, 43, 55, 52, 49, 53, 54, 60, 32, 33, 41, 38, 69, 46, 36, 61, 44, 37, 58, 56, 45, 64, 51] <-- Page - 51
[26, 67, 65, 35, 29, 39, 42, 57, 25, 40, 71, 31, 59, 75, 50, 63, 47, 62, 48, 43, 55, 52, 49, 53, 54, 60, 32, 33, 41, 38, 69, 46, 36, 61, 44, 37, 58, 56, 45, 64, 51, 66] <-- Page - 66
[26, 67, 65, 35, 29, 39, 42, 57, 25, 40, 71, 31, 59, 75, 50, 63, 47, 62, 48, 43, 52, 49, 53, 54, 60, 32, 33, 41, 38, 69, 46, 36, 61, 44, 37, 58, 56, 45, 64, 51, 66, 55] <-- Page - 55
[26, 67, 35, 29, 39, 42, 57, 25, 40, 71, 31, 59, 75, 50, 63, 47, 62, 48, 43, 52, 49, 53, 54, 60, 32, 33, 41, 38, 69, 46, 36, 61, 44, 37, 58, 56, 45, 64, 51, 66, 55, 65] <-- Page - 65
[26, 67, 35, 29, 39, 42, 57, 25, 40, 71, 31, 59, 75, 50, 63, 47, 62, 48, 43, 52, 49, 53, 54, 60, 32, 33, 41, 38, 69, 46, 36, 61, 44, 37, 58, 56, 45, 64, 66, 55, 65, 51] <-- Page - 51
[26, 67, 35, 29, 39, 42, 57, 25, 40, 71, 31, 59, 75, 50, 63, 47, 62, 48, 43, 52, 49, 53, 54, 60, 32, 33, 41, 38, 69, 46, 36, 61, 44, 58, 56, 45, 64, 66, 55, 65, 51, 37] <-- Page - 37
[26, 67, 35, 29, 39, 42, 57, 25, 40, 71, 31, 59, 75, 50, 63, 47, 62, 48, 43, 52, 49, 53, 54, 60, 32, 33, 41, 38, 69, 46, 36, 61, 44, 58, 56, 45, 64, 66, 55, 65, 51, 37, 74] <-- Page - 74 | Page Fault Here
[26, 67, 35, 29, 39, 42, 57, 25, 40, 71, 31, 59, 75, 50, 63, 47, 62, 48, 43, 52, 49, 53, 54, 60, 32, 33, 41, 38, 69, 46, 36, 61, 58, 56, 45, 64, 66, 55, 65, 51, 37, 74, 44] <-- Page - 44
[26, 67, 35, 29, 39, 42, 57, 25, 40, 71, 31, 59, 75, 50, 63, 47, 62, 43, 52, 49, 53, 54, 60, 32, 33, 41, 38, 69, 46, 36, 61, 58, 56, 45, 64, 66, 55, 65, 51, 37, 74, 44, 48] <-- Page - 48
[26, 67, 35, 29, 39, 57, 25, 40, 71, 31, 59, 75, 50, 63, 47, 62, 43, 52, 49, 53, 54, 60, 32, 33, 41, 38, 69, 46, 36, 61, 58, 56, 45, 64, 66, 55, 65, 51, 37, 74, 44, 48, 42] <-- Page - 42
[26, 67, 35, 29, 39, 57, 25, 40, 71, 31, 59, 75, 50, 63, 62, 43, 52, 49, 53, 54, 60, 32, 33, 41, 38, 69, 46, 36, 61, 58, 56, 45, 64, 66, 55, 65, 51, 37, 74, 44, 48, 42, 47] <-- Page - 47
[26, 67, 35, 29, 39, 57, 25, 40, 71, 31, 59, 75, 50, 63, 62, 43, 49, 53, 54, 60, 32, 33, 41, 38, 69, 46, 36, 61, 58, 56, 45, 64, 66, 55, 65, 51, 37, 74, 44, 48, 42, 47, 52] <-- Page - 52
[26, 67, 35, 29, 39, 57, 25, 40, 71, 31, 59, 75, 50, 63, 62, 43, 49, 53, 54, 60, 32, 33, 41, 38, 69, 46, 36, 61, 58, 56, 45, 64, 66, 55, 65, 51, 37, 74, 44, 48, 42, 47, 52] <-- Page - 52
[26, 67, 35, 29, 39, 57, 25, 40, 71, 31, 59, 75, 50, 63, 62, 43, 49, 53, 54, 60, 32, 33, 41, 38, 69, 46, 36, 61, 58, 45, 64, 66, 55, 65, 51, 37, 74, 44, 48, 42, 47, 52, 56] <-- Page - 56
[26, 35, 29, 39, 57, 25, 40, 71, 31, 59, 75, 50, 63, 62, 43, 49, 53, 54, 60, 32, 33, 41, 38, 69, 46, 36, 61, 58, 45, 64, 66, 55, 65, 51, 37, 74, 44, 48, 42, 47, 52, 56, 67] <-- Page - 67
[26, 35, 29, 39, 57, 25, 40, 71, 31, 59, 75, 50, 63, 62, 43, 49, 53, 54, 60, 32, 33, 41, 38, 69, 46, 36, 61, 58, 45, 64, 66, 55, 65, 51, 37, 74, 44, 42, 47, 52, 56, 67, 48] <-- Page - 48
[26, 35, 29, 39, 57, 25, 40, 71, 31, 59, 75, 50, 63, 62, 43, 49, 53, 54, 60, 32, 33, 41, 38, 69, 46, 36, 61, 58, 45, 64, 66, 55, 65, 51, 74, 44, 42, 47, 52, 56, 67, 48, 37] <-- Page - 37
[26, 35, 29, 39, 57, 25, 40, 71, 31, 59, 75, 50, 63, 62, 43, 49, 53, 54, 60, 32, 33, 41, 69, 46, 36, 61, 58, 45, 64, 66, 55, 65, 51, 74, 44, 42, 47, 52, 56, 67, 48, 37, 38] <-- Page - 38
[26, 35, 29, 39, 57, 25, 40, 71, 31, 59, 75, 50, 63, 62, 49, 53, 54, 60, 32, 33, 41, 69, 46, 36, 61, 58, 45, 64, 66, 55, 65, 51, 74, 44, 42, 47, 52, 56, 67, 48, 37, 38, 43] <-- Page - 43
[26, 35, 29, 39, 57, 25, 40, 71, 31, 59, 75, 50, 63, 62, 49, 53, 54, 60, 32, 41, 69, 46, 36, 61, 58, 45, 64, 66, 55, 65, 51, 74, 44, 42, 47, 52, 56, 67, 48, 37, 38, 43, 33] <-- Page - 33
[26, 35, 29, 39, 57, 25, 40, 71, 31, 59, 75, 50, 63, 62, 49, 53, 54, 60, 32, 41, 69, 46, 36, 61, 45, 64, 66, 55, 65, 51, 74, 44, 42, 47, 52, 56, 67, 48, 37, 38, 43, 33, 58] <-- Page - 58
[26, 35, 29, 39, 57, 25, 40, 71, 31, 59, 75, 50, 63, 62, 49, 53, 54, 60, 32, 41, 69, 46, 36, 61, 64, 66, 55, 65, 51, 74, 44, 42, 47, 52, 56, 67, 48, 37, 38, 43, 33, 58, 45] <-- Page - 45
[26, 35, 29, 39, 57, 25, 40, 71, 31, 59, 75, 50, 63, 62, 49, 53, 54, 60, 32, 41, 69, 36, 61, 64, 66, 55, 65, 51, 74, 44, 42, 47, 52, 56, 67, 48, 37, 38, 43, 33, 58, 45, 46] <-- Page - 46
[26, 35, 29, 39, 57, 25, 40, 71, 31, 59, 75, 50, 63, 62, 53, 54, 60, 32, 41, 69, 36, 61, 64, 66, 55, 65, 51, 74, 44, 42, 47, 52, 56, 67, 48, 37, 38, 43, 33, 58, 45, 46, 49] <-- Page - 49
[26, 35, 29, 39, 57, 25, 40, 71, 31, 59, 75, 50, 63, 62, 53, 54, 60, 32, 41, 69, 61, 64, 66, 55, 65, 51, 74, 44, 42, 47, 52, 56, 67, 48, 37, 38, 43, 33, 58, 45, 46, 49, 36] <-- Page - 36
[26, 35, 29, 39, 57, 25, 40, 71, 31, 59, 75, 50, 63, 62, 53, 54, 60, 32, 69, 61, 64, 66, 55, 65, 51, 74, 44, 42, 47, 52, 56, 67, 48, 37, 38, 43, 33, 58, 45, 46, 49, 36, 41] <-- Page - 41
[26, 35, 29, 39, 57, 25, 40, 71, 31, 59, 75, 50, 63, 62, 53, 54, 60, 32, 69, 61, 64, 66, 55, 65, 51, 74, 44, 42, 47, 52, 67, 48, 37, 38, 43, 33, 58, 45, 46, 49, 36, 41, 56] <-- Page - 56
[26, 35, 29, 39, 57, 25, 40, 71, 31, 59, 75, 50, 63, 62, 53, 54, 60, 32, 69, 61, 64, 66, 55, 65, 51, 74, 44, 42, 47, 52, 67, 48, 37, 38, 43, 33, 58, 45, 46, 49, 36, 41, 56] <-- Page - 56
[26, 35, 29, 39, 57, 25, 40, 71, 31, 59, 75, 50, 63, 62, 53, 54, 60, 32, 69, 61, 64, 66, 55, 65, 51, 74, 44, 42, 47, 52, 67, 48, 37, 38, 43, 33, 58, 46, 49, 36, 41, 56, 45] <-- Page - 45
[26, 35, 29, 39, 57, 25, 40, 71, 31, 59, 75, 50, 63, 62, 53, 54, 60, 32, 69, 61, 64, 66, 55, 65, 51, 74, 44, 42, 47, 52, 67, 48, 37, 38, 43, 33, 58, 46, 49, 36, 41, 56, 45, 68] <-- Page - 68 | Page Fault Here
[26, 35, 29, 39, 57, 25, 40, 71, 31, 59, 75, 50, 63, 62, 53, 54, 60, 32, 69, 61, 64, 66, 55, 65, 51, 74, 44, 42, 47, 52, 67, 48, 37, 38, 43, 33, 58, 46, 49, 41, 56, 45, 68, 36] <-- Page - 36
[26, 35, 29, 39, 57, 25, 40, 71, 31, 59, 75, 50, 63, 62, 53, 54, 60, 32, 69, 61, 64, 66, 55, 65, 51, 74, 44, 42, 47, 52, 67, 48, 37, 38, 43, 33, 58, 49, 41, 56, 45, 68, 36, 46] <-- Page - 46
[26, 35, 29, 39, 57, 25, 40, 71, 31, 59, 75, 50, 63, 62, 53, 54, 60, 32, 69, 61, 64, 66, 55, 65, 51, 74, 44, 42, 52, 67, 48, 37, 38, 43, 33, 58, 49, 41, 56, 45, 68, 36, 46, 47] <-- Page - 47
[26, 35, 29, 39, 57, 25, 40, 71, 31, 59, 75, 50, 63, 62, 53, 54, 60, 32, 69, 61, 64, 66, 55, 65, 51, 74, 44, 42, 52, 67, 48, 37, 38, 43, 33, 58, 49, 41, 56, 45, 68, 36, 46, 47, 22] <-- Page - 22 | Page Fault Here
[26, 35, 29, 39, 57, 25, 40, 71, 31, 59, 75, 50, 63, 62, 53, 54, 60, 32, 61, 64, 66, 55, 65, 51, 74, 44, 42, 52, 67, 48, 37, 38, 43, 33, 58, 49, 41, 56, 45, 68, 36, 46, 47, 22, 69] <-- Page - 69
[26, 35, 29, 39, 57, 25, 40, 71, 31, 59, 75, 50, 63, 62, 54, 60, 32, 61, 64, 66, 55, 65, 51, 74, 44, 42, 52, 67, 48, 37, 38, 43, 33, 58, 49, 41, 56, 45, 68, 36, 46, 47, 22, 69, 53] <-- Page - 53
[26, 35, 29, 57, 25, 40, 71, 31, 59, 75, 50, 63, 62, 54, 60, 32, 61, 64, 66, 55, 65, 51, 74, 44, 42, 52, 67, 48, 37, 38, 43, 33, 58, 49, 41, 56, 45, 68, 36, 46, 47, 22, 69, 53, 39] <-- Page - 39
[26, 35, 29, 57, 25, 40, 71, 31, 59, 75, 50, 63, 62, 54, 60, 32, 61, 64, 66, 55, 65, 51, 74, 44, 42, 52, 67, 48, 37, 38, 43, 33, 58, 49, 41, 56, 45, 68, 36, 46, 47, 22, 69, 53, 39, 70] <-- Page - 70 | Page Fault Here
[26, 35, 29, 57, 25, 40, 71, 31, 59, 75, 50, 63, 62, 54, 60, 32, 61, 64, 66, 65, 51, 74, 44, 42, 52, 67, 48, 37, 38, 43, 33, 58, 49, 41, 56, 45, 68, 36, 46, 47, 22, 69, 53, 39, 70, 55] <-- Page - 55
[26, 35, 29, 57, 25, 40, 71, 31, 59, 75, 50, 63, 62, 60, 32, 61, 64, 66, 65, 51, 74, 44, 42, 52, 67, 48, 37, 38, 43, 33, 58, 49, 41, 56, 45, 68, 36, 46, 47, 22, 69, 53, 39, 70, 55, 54] <-- Page - 54
[26, 35, 29, 57, 25, 40, 71, 31, 59, 75, 50, 63, 62, 60, 32, 61, 64, 66, 65, 51, 74, 44, 42, 52, 67, 48, 37, 38, 33, 58, 49, 41, 56, 45, 68, 36, 46, 47, 22, 69, 53, 39, 70, 55, 54, 43] <-- Page - 43
[26, 35, 29, 57, 25, 40, 71, 31, 59, 75, 50, 63, 62, 60, 32, 61, 64, 66, 65, 74, 44, 42, 52, 67, 48, 37, 38, 33, 58, 49, 41, 56, 45, 68, 36, 46, 47, 22, 69, 53, 39, 70, 55, 54, 43, 51] <-- Page - 51
[26, 35, 29, 57, 25, 40, 71, 31, 59, 75, 50, 63, 62, 60, 32, 61, 64, 66, 65, 74, 44, 42, 52, 67, 48, 37, 38, 33, 58, 49, 41, 56, 45, 68, 36, 46, 47, 22, 69, 53, 39, 70, 55, 54, 43, 51, 34] <-- Page - 34 | Page Fault Here
[26, 35, 29, 25, 40, 71, 31, 59, 75, 50, 63, 62, 60, 32, 61, 64, 66, 65, 74, 44, 42, 52, 67, 48, 37, 38, 33, 58, 49, 41, 56, 45, 68, 36, 46, 47, 22, 69, 53, 39, 70, 55, 54, 43, 51, 34, 57] <-- Page - 57
[26, 35, 29, 25, 40, 71, 31, 59, 75, 50, 63, 62, 60, 32, 61, 64, 66, 65, 74, 44, 42, 52, 67, 48, 37, 38, 33, 58, 49, 41, 56, 45, 68, 36, 47, 22, 69, 53, 39, 70, 55, 54, 43, 51, 34, 57, 46] <-- Page - 46
[26, 35, 29, 25, 40, 71, 31, 59, 75, 50, 63, 62, 60, 32, 61, 64, 66, 65, 74, 44, 42, 52, 67, 48, 37, 38, 33, 58, 49, 41, 56, 45, 68, 36, 47, 22, 69, 53, 39, 70, 55, 54, 43, 34, 57, 46, 51] <-- Page - 51
[26, 35, 29, 25, 40, 71, 31, 59, 75, 50, 63, 60, 32, 61, 64, 66, 65, 74, 44, 42, 52, 67, 48, 37, 38, 33, 58, 49, 41, 56, 45, 68, 36, 47, 22, 69, 53, 39, 70, 55, 54, 43, 34, 57, 46, 51, 62] <-- Page - 62
[26, 35, 29, 25, 40, 71, 31, 59, 75, 50, 63, 60, 32, 61, 64, 66, 65, 74, 44, 42, 67, 48, 37, 38, 33, 58, 49, 41, 56, 45, 68, 36, 47, 22, 69, 53, 39, 70, 55, 54, 43, 34, 57, 46, 51, 62, 52] <-- Page - 52
[26, 35, 29, 25, 40, 71, 31, 59, 75, 50, 63, 60, 32, 61, 64, 66, 65, 74, 44, 42, 67, 48, 37, 38, 33, 58, 49, 41, 56, 45, 68, 36, 47, 22, 69, 53, 39, 70, 55, 54, 43, 34, 57, 46, 51, 62, 52] <-- Page - 52
[26, 35, 29, 25, 40, 71, 31, 59, 75, 50, 63, 60, 32, 61, 64, 66, 65, 74, 44, 42, 67, 48, 37, 38, 33, 58, 49, 41, 56, 45, 68, 36, 47, 22, 69, 53, 39, 70, 55, 54, 43, 34, 57, 46, 51, 62, 52] <-- Page - 52
[26, 35, 29, 25, 40, 71, 31, 59, 75, 50, 63, 60, 32, 61, 64, 66, 65, 74, 44, 67, 48, 37, 38, 33, 58, 49, 41, 56, 45, 68, 36, 47, 22, 69, 53, 39, 70, 55, 54, 43, 34, 57, 46, 51, 62, 52, 42] <-- Page - 42
[26, 35, 29, 25, 40, 71, 31, 59, 75, 50, 63, 60, 32, 61, 64, 66, 65, 74, 44, 67, 48, 37, 38, 33, 49, 41, 56, 45, 68, 36, 47, 22, 69, 53, 39, 70, 55, 54, 43, 34, 57, 46, 51, 62, 52, 42, 58] <-- Page - 58
[26, 35, 29, 25, 40, 71, 31, 59, 75, 50, 63, 60, 32, 61, 64, 66, 74, 44, 67, 48, 37, 38, 33, 49, 41, 56, 45, 68, 36, 47, 22, 69, 53, 39, 70, 55, 54, 43, 34, 57, 46, 51, 62, 52, 42, 58, 65] <-- Page - 65
[26, 35, 29, 25, 40, 71, 31, 59, 75, 50, 63, 60, 32, 61, 64, 66, 74, 44, 67, 48, 37, 38, 33, 49, 41, 56, 45, 68, 36, 47, 22, 69, 53, 39, 70, 55, 54, 43, 34, 46, 51, 62, 52, 42, 58, 65, 57] <-- Page - 57
[26, 35, 29, 25, 40, 71, 31, 59, 75, 50, 63, 60, 32, 61, 64, 66, 74, 44, 67, 48, 37, 38, 33, 49, 41, 56, 45, 68, 36, 47, 22, 69, 53, 39, 70, 55, 54, 43, 34, 46, 51, 62, 52, 42, 65, 57, 58] <-- Page - 58
[26, 35, 29, 25, 40, 71, 31, 59, 75, 50, 63, 60, 32, 61, 64, 66, 74, 44, 67, 48, 37, 38, 33, 49, 56, 45, 68, 36, 47, 22, 69, 53, 39, 70, 55, 54, 43, 34, 46, 51, 62, 52, 42, 65, 57, 58, 41] <-- Page - 41
[26, 35, 29, 25, 40, 71, 31, 59, 75, 50, 63, 60, 32, 61, 64, 66, 74, 44, 67, 48, 37, 38, 33, 49, 56, 45, 68, 36, 47, 22, 69, 53, 39, 70, 55, 54, 43, 34, 46, 51, 62, 52, 42, 65, 57, 58, 41] <-- Page - 41
[26, 29, 25, 40, 71, 31, 59, 75, 50, 63, 60, 32, 61, 64, 66, 74, 44, 67, 48, 37, 38, 33, 49, 56, 45, 68, 36, 47, 22, 69, 53, 39, 70, 55, 54, 43, 34, 46, 51, 62, 52, 42, 65, 57, 58, 41, 35] <-- Page - 35
[26, 29, 25, 40, 71, 31, 59, 75, 50, 63, 60, 32, 61, 64, 66, 74, 44, 67, 48, 37, 38, 33, 49, 56, 45, 68, 36, 47, 22, 69, 53, 39, 70, 55, 54, 43, 34, 46, 51, 52, 42, 65, 57, 58, 41, 35, 62] <-- Page - 62
[26, 29, 25, 40, 71, 31, 59, 75, 50, 63, 60, 32, 61, 64, 66, 74, 44, 67, 48, 37, 38, 33, 49, 56, 45, 68, 36, 22, 69, 53, 39, 70, 55, 54, 43, 34, 46, 51, 52, 42, 65, 57, 58, 41, 35, 62, 47] <-- Page - 47
[26, 29, 25, 40, 71, 31, 59, 75, 50, 60, 32, 61, 64, 66, 74, 44, 67, 48, 37, 38, 33, 49, 56, 45, 68, 36, 22, 69, 53, 39, 70, 55, 54, 43, 34, 46, 51, 52, 42, 65, 57, 58, 41, 35, 62, 47, 63] <-- Page - 63
[26, 29, 25, 40, 71, 31, 59, 75, 50, 60, 32, 61, 64, 66, 74, 44, 67, 48, 37, 38, 33, 49, 56, 45, 68, 36, 22, 69, 53, 39, 70, 55, 54, 43, 34, 46, 51, 52, 65, 57, 58, 41, 35, 62, 47, 63, 42] <-- Page - 42
[26, 29, 25, 40, 71, 31, 59, 75, 50, 60, 32, 61, 64, 66, 74, 44, 67, 48, 37, 38, 33, 49, 56, 68, 36, 22, 69, 53, 39, 70, 55, 54, 43, 34, 46, 51, 52, 65, 57, 58, 41, 35, 62, 47, 63, 42, 45] <-- Page - 45
[26, 29, 25, 40, 71, 31, 59, 75, 60, 32, 61, 64, 66, 74, 44, 67, 48, 37, 38, 33, 49, 56, 68, 36, 22, 69, 53, 39, 70, 55, 54, 43, 34, 46, 51, 52, 65, 57, 58, 41, 35, 62, 47, 63, 42, 45, 50] <-- Page - 50
[26, 29, 25, 40, 71, 31, 75, 60, 32, 61, 64, 66, 74, 44, 67, 48, 37, 38, 33, 49, 56, 68, 36, 22, 69, 53, 39, 70, 55, 54, 43, 34, 46, 51, 52, 65, 57, 58, 41, 35, 62, 47, 63, 42, 45, 50, 59] <-- Page - 59
[26, 29, 25, 40, 71, 31, 75, 60, 32, 61, 64, 66, 74, 44, 67, 48, 37, 38, 33, 49, 56, 68, 36, 22, 69, 53, 39, 70, 55, 54, 43, 34, 46, 51, 52, 65, 57, 58, 41, 35, 62, 47, 63, 42, 45, 59, 50] <-- Page - 50
[26, 29, 25, 40, 71, 31, 75, 60, 32, 61, 64, 66, 74, 44, 67, 48, 37, 38, 33, 49, 56, 68, 36, 22, 69, 53, 39, 70, 55, 54, 43, 34, 46, 51, 65, 57, 58, 41, 35, 62, 47, 63, 42, 45, 59, 50, 52] <-- Page - 52
[26, 29, 25, 40, 71, 31, 75, 60, 32, 61, 64, 66, 74, 44, 67, 48, 37, 38, 33, 49, 56, 68, 36, 22, 69, 53, 39, 70, 55, 54, 43, 34, 46, 51, 65, 57, 58, 41, 35, 62, 47, 63, 42, 45, 59, 52, 50] <-- Page - 50
[26, 29, 25, 40, 71, 31, 75, 60, 32, 61, 64, 66, 74, 44, 67, 48, 37, 38, 33, 49, 56, 68, 36, 22, 69, 53, 39, 70, 55, 54, 43, 34, 46, 65, 57, 58, 41, 35, 62, 47, 63, 42, 45, 59, 52, 50, 51] <-- Page - 51
[26, 29, 25, 40, 71, 31, 75, 60, 32, 61, 64, 66, 74, 44, 67, 48, 37, 33, 49, 56, 68, 36, 22, 69, 53, 39, 70, 55, 54, 43, 34, 46, 65, 57, 58, 41, 35, 62, 47, 63, 42, 45, 59, 52, 50, 51, 38] <-- Page - 38
[26, 29, 25, 40, 71, 31, 75, 60, 32, 61, 64, 66, 74, 44, 67, 48, 37, 33, 49, 56, 68, 36, 22, 69, 53, 39, 70, 55, 54, 43, 34, 46, 65, 57, 58, 41, 35, 62, 47, 63, 42, 45, 59, 52, 51, 38, 50] <-- Page - 50
[26, 29, 25, 40, 71, 31, 75, 60, 32, 61, 64, 66, 74, 44, 67, 37, 33, 49, 56, 68, 36, 22, 69, 53, 39, 70, 55, 54, 43, 34, 46, 65, 57, 58, 41, 35, 62, 47, 63, 42, 45, 59, 52, 51, 38, 50, 48] <-- Page - 48
[26, 29, 25, 40, 71, 31, 75, 60, 32, 61, 64, 66, 74, 44, 67, 37, 33, 56, 68, 36, 22, 69, 53, 39, 70, 55, 54, 43, 34, 46, 65, 57, 58, 41, 35, 62, 47, 63, 42, 45, 59, 52, 51, 38, 50, 48, 49] <-- Page - 49
[26, 29, 25, 40, 71, 31, 75, 60, 32, 61, 64, 66, 74, 44, 67, 37, 33, 56, 68, 36, 22, 69, 53, 39, 70, 55, 43, 34, 46, 65, 57, 58, 41, 35, 62, 47, 63, 42, 45, 59, 52, 51, 38, 50, 48, 49, 54] <-- Page - 54
[26, 29, 25, 40, 71, 31, 75, 60, 32, 61, 64, 66, 74, 44, 67, 37, 33, 56, 68, 36, 22, 69, 53, 39, 70, 55, 34, 46, 65, 57, 58, 41, 35, 62, 47, 63, 42, 45, 59, 52, 51, 38, 50, 48, 49, 54, 43] <-- Page - 43
[26, 29, 25, 40, 71, 31, 75, 60, 32, 61, 64, 66, 74, 44, 67, 37, 33, 56, 68, 36, 22, 69, 53, 39, 70, 55, 34, 46, 65, 57, 58, 41, 35, 62, 47, 63, 42, 45, 59, 52, 51, 38, 50, 48, 54, 43, 49] <-- Page - 49
[26, 29, 25, 40, 71, 31, 75, 60, 32, 61, 64, 66, 74, 44, 67, 37, 33, 56, 68, 36, 22, 69, 53, 39, 70, 55, 34, 46, 65, 57, 58, 41, 35, 62, 63, 42, 45, 59, 52, 51, 38, 50, 48, 54, 43, 49, 47] <-- Page - 47
[26, 29, 25, 40, 71, 31, 75, 60, 32, 61, 64, 66, 74, 44, 67, 37, 33, 56, 68, 36, 22, 69, 53, 39, 70, 55, 34, 46, 65, 57, 58, 41, 35, 62, 63, 42, 45, 59, 52, 51, 38, 50, 48, 43, 49, 47, 54] <-- Page - 54
[26, 29, 25, 40, 71, 31, 75, 60, 32, 61, 64, 66, 74, 44, 67, 37, 33, 56, 68, 36, 22, 69, 53, 39, 70, 55, 34, 46, 65, 58, 41, 35, 62, 63, 42, 45, 59, 52, 51, 38, 50, 48, 43, 49, 47, 54, 57] <-- Page - 57
[26, 29, 25, 71, 31, 75, 60, 32, 61, 64, 66, 74, 44, 67, 37, 33, 56, 68, 36, 22, 69, 53, 39, 70, 55, 34, 46, 65, 58, 41, 35, 62, 63, 42, 45, 59, 52, 51, 38, 50, 48, 43, 49, 47, 54, 57, 40] <-- Page - 40
[26, 29, 25, 71, 31, 75, 60, 32, 61, 64, 66, 74, 44, 67, 37, 33, 56, 68, 36, 22, 69, 53, 39, 70, 34, 46, 65, 58, 41, 35, 62, 63, 42, 45, 59, 52, 51, 38, 50, 48, 43, 49, 47, 54, 57, 40, 55] <-- Page - 55
[26, 29, 25, 71, 31, 75, 60, 32, 61, 64, 66, 74, 44, 67, 37, 33, 56, 68, 36, 22, 69, 53, 39, 34, 46, 65, 58, 41, 35, 62, 63, 42, 45, 59, 52, 51, 38, 50, 48, 43, 49, 47, 54, 57, 40, 55, 70] <-- Page - 70
[26, 29, 25, 71, 31, 75, 60, 32, 61, 64, 66, 74, 44, 67, 37, 33, 56, 68, 36, 22, 69, 53, 39, 34, 46, 65, 58, 41, 62, 63, 42, 45, 59, 52, 51, 38, 50, 48, 43, 49, 47, 54, 57, 40, 55, 70, 35] <-- Page - 35
[26, 29, 25, 71, 31, 75, 60, 32, 61, 64, 66, 74, 44, 67, 37, 33, 56, 68, 36, 22, 69, 53, 39, 34, 46, 65, 58, 62, 63, 42, 45, 59, 52, 51, 38, 50, 48, 43, 49, 47, 54, 57, 40, 55, 70, 35, 41] <-- Page - 41
[26, 29, 25, 71, 31, 75, 60, 32, 61, 64, 66, 74, 44, 67, 37, 33, 56, 68, 36, 22, 69, 53, 39, 34, 46, 65, 58, 62, 63, 42, 45, 59, 52, 51, 38, 50, 48, 43, 49, 47, 54, 57, 40, 55, 70, 35, 41] <-- Page - 41
[26, 29, 25, 71, 31, 75, 60, 32, 61, 64, 66, 74, 44, 67, 37, 33, 56, 68, 36, 22, 69, 53, 39, 34, 46, 65, 58, 62, 63, 42, 45, 59, 52, 51, 38, 50, 48, 43, 49, 54, 57, 40, 55, 70, 35, 41, 47] <-- Page - 47
[26, 29, 25, 71, 31, 75, 60, 32, 61, 64, 74, 44, 67, 37, 33, 56, 68, 36, 22, 69, 53, 39, 34, 46, 65, 58, 62, 63, 42, 45, 59, 52, 51, 38, 50, 48, 43, 49, 54, 57, 40, 55, 70, 35, 41, 47, 66] <-- Page - 66
[26, 29, 25, 71, 31, 75, 60, 32, 61, 64, 74, 44, 67, 37, 33, 56, 68, 36, 22, 69, 53, 39, 34, 46, 65, 58, 62, 63, 42, 45, 59, 52, 51, 38, 48, 43, 49, 54, 57, 40, 55, 70, 35, 41, 47, 66, 50] <-- Page - 50
[26, 29, 25, 71, 31, 75, 60, 32, 61, 64, 74, 44, 67, 37, 33, 56, 68, 36, 22, 69, 53, 39, 34, 46, 65, 58, 62, 63, 42, 45, 59, 52, 51, 38, 48, 49, 54, 57, 40, 55, 70, 35, 41, 47, 66, 50, 43] <-- Page - 43
[26, 29, 25, 71, 31, 75, 60, 32, 61, 64, 74, 44, 67, 37, 33, 68, 36, 22, 69, 53, 39, 34, 46, 65, 58, 62, 63, 42, 45, 59, 52, 51, 38, 48, 49, 54, 57, 40, 55, 70, 35, 41, 47, 66, 50, 43, 56] <-- Page - 56
[26, 29, 25, 71, 31, 75, 60, 32, 61, 64, 74, 67, 37, 33, 68, 36, 22, 69, 53, 39, 34, 46, 65, 58, 62, 63, 42, 45, 59, 52, 51, 38, 48, 49, 54, 57, 40, 55, 70, 35, 41, 47, 66, 50, 43, 56, 44] <-- Page - 44
[26, 29, 25, 71, 31, 75, 60, 32, 64, 74, 67, 37, 33, 68, 36, 22, 69, 53, 39, 34, 46, 65, 58, 62, 63, 42, 45, 59, 52, 51, 38, 48, 49, 54, 57, 40, 55, 70, 35, 41, 47, 66, 50, 43, 56, 44, 61] <-- Page - 61
[26, 29, 25, 71, 31, 75, 60, 32, 64, 74, 67, 37, 33, 68, 36, 22, 69, 39, 34, 46, 65, 58, 62, 63, 42, 45, 59, 52, 51, 38, 48, 49, 54, 57, 40, 55, 70, 35, 41, 47, 66, 50, 43, 56, 44, 61, 53] <-- Page - 53
[26, 29, 25, 71, 31, 75, 60, 32, 64, 74, 67, 37, 33, 68, 36, 22, 69, 39, 34, 46, 65, 58, 62, 42, 45, 59, 52, 51, 38, 48, 49, 54, 57, 40, 55, 70, 35, 41, 47, 66, 50, 43, 56, 44, 61, 53, 63] <-- Page - 63
[26, 29, 25, 71, 31, 75, 60, 32, 64, 74, 67, 37, 33, 68, 36, 22, 69, 39, 34, 46, 65, 58, 62, 42, 45, 59, 52, 51, 38, 48, 49, 54, 57, 40, 55, 70, 35, 41, 47, 66, 50, 56, 44, 61, 53, 63, 43] <-- Page - 43
[26, 29, 25, 71, 31, 75, 60, 32, 64, 74, 67, 37, 33, 68, 36, 22, 69, 39, 34, 46, 65, 58, 62, 42, 45, 59, 52, 51, 38, 48, 49, 54, 57, 40, 55, 70, 35, 41, 47, 66, 50, 56, 44, 61, 53, 63, 43, 80] <-- Page - 80 | Page Fault Here
[26, 29, 25, 71, 31, 75, 60, 32, 64, 74, 67, 37, 33, 68, 36, 22, 69, 39, 34, 46, 65, 62, 42, 45, 59, 52, 51, 38, 48, 49, 54, 57, 40, 55, 70, 35, 41, 47, 66, 50, 56, 44, 61, 53, 63, 43, 80, 58] <-- Page - 58
[26, 29, 25, 71, 31, 75, 60, 32, 64, 74, 67, 37, 33, 68, 36, 22, 69, 39, 34, 46, 65, 62, 42, 45, 59, 52, 51, 38, 48, 49, 54, 57, 40, 55, 70, 35, 41, 47, 66, 50, 44, 61, 53, 63, 43, 80, 58, 56] <-- Page - 56
[26, 29, 25, 71, 31, 75, 60, 32, 64, 74, 67, 37, 33, 68, 36, 22, 69, 39, 34, 46, 65, 62, 42, 45, 59, 52, 51, 38, 48, 54, 57, 40, 55, 70, 35, 41, 47, 66, 50, 44, 61, 53, 63, 43, 80, 58, 56, 49] <-- Page - 49
[26, 29, 25, 71, 31, 75, 60, 32, 64, 74, 67, 37, 33, 68, 36, 22, 69, 39, 34, 46, 65, 62, 45, 59, 52, 51, 38, 48, 54, 57, 40, 55, 70, 35, 41, 47, 66, 50, 44, 61, 53, 63, 43, 80, 58, 56, 49, 42] <-- Page - 42
[26, 29, 25, 71, 31, 75, 60, 32, 64, 74, 67, 37, 33, 68, 36, 22, 69, 39, 34, 46, 65, 62, 45, 59, 52, 51, 38, 48, 54, 57, 40, 55, 70, 35, 47, 66, 50, 44, 61, 53, 63, 43, 80, 58, 56, 49, 42, 41] <-- Page - 41
[26, 29, 25, 71, 31, 75, 60, 32, 64, 74, 67, 37, 33, 68, 36, 22, 69, 39, 34, 46, 65, 62, 45, 59, 52, 51, 38, 54, 57, 40, 55, 70, 35, 47, 66, 50, 44, 61, 53, 63, 43, 80, 58, 56, 49, 42, 41, 48] <-- Page - 48
[26, 29, 25, 71, 31, 75, 60, 32, 64, 74, 67, 37, 33, 68, 36, 22, 69, 39, 34, 46, 65, 62, 45, 59, 52, 51, 38, 54, 57, 40, 55, 70, 35, 47, 66, 50, 44, 61, 53, 63, 43, 80, 58, 56, 49, 41, 48, 42] <-- Page - 42
[26, 29, 25, 71, 31, 75, 60, 32, 64, 74, 67, 37, 33, 68, 36, 22, 69, 39, 34, 46, 65, 62, 45, 59, 51, 38, 54, 57, 40, 55, 70, 35, 47, 66, 50, 44, 61, 53, 63, 43, 80, 58, 56, 49, 41, 48, 42, 52] <-- Page - 52
[26, 29, 25, 71, 31, 75, 60, 32, 64, 74, 67, 37, 33, 68, 36, 22, 69, 39, 34, 46, 65, 62, 45, 59, 51, 38, 54, 57, 40, 55, 70, 35, 47, 66, 50, 44, 61, 53, 63, 43, 80, 58, 56, 49, 48, 42, 52, 41] <-- Page - 41
[26, 29, 25, 71, 31, 75, 60, 32, 64, 74, 67, 37, 33, 68, 36, 22, 69, 39, 34, 46, 65, 62, 45, 59, 51, 38, 54, 57, 40, 55, 70, 35, 47, 66, 50, 44, 61, 53, 63, 43, 80, 58, 49, 48, 42, 52, 41, 56] <-- Page - 56
[26, 29, 25, 71, 31, 75, 60, 32, 64, 74, 67, 37, 33, 68, 36, 22, 69, 39, 34, 46, 65, 62, 45, 51, 38, 54, 57, 40, 55, 70, 35, 47, 66, 50, 44, 61, 53, 63, 43, 80, 58, 49, 48, 42, 52, 41, 56, 59] <-- Page - 59
[26, 29, 25, 71, 31, 75, 60, 32, 64, 74, 67, 37, 33, 68, 36, 22, 69, 39, 34, 46, 65, 62, 45, 51, 38, 54, 57, 40, 55, 70, 35, 47, 66, 50, 44, 61, 53, 63, 43, 80, 58, 49, 48, 52, 41, 56, 59, 42] <-- Page - 42
[26, 29, 25, 71, 31, 75, 60, 32, 64, 74, 67, 37, 33, 68, 36, 22, 69, 39, 34, 46, 65, 62, 45, 51, 38, 54, 57, 40, 55, 70, 35, 47, 66, 50, 44, 53, 63, 43, 80, 58, 49, 48, 52, 41, 56, 59, 42, 61] <-- Page - 61
[26, 29, 25, 71, 31, 75, 60, 32, 64, 74, 67, 37, 33, 68, 36, 22, 69, 39, 34, 46, 65, 62, 45, 51, 38, 54, 57, 40, 55, 70, 35, 66, 50, 44, 53, 63, 43, 80, 58, 49, 48, 52, 41, 56, 59, 42, 61, 47] <-- Page - 47
[26, 29, 25, 71, 31, 75, 60, 32, 64, 74, 67, 37, 33, 68, 36, 22, 69, 39, 34, 46, 65, 62, 45, 51, 38, 54, 57, 40, 55, 70, 35, 66, 50, 44, 53, 63, 43, 80, 58, 49, 48, 52, 41, 56, 59, 42, 47, 61] <-- Page - 61
[26, 29, 25, 71, 31, 75, 60, 32, 64, 74, 67, 37, 33, 68, 36, 22, 69, 39, 34, 46, 65, 62, 45, 51, 38, 57, 40, 55, 70, 35, 66, 50, 44, 53, 63, 43, 80, 58, 49, 48, 52, 41, 56, 59, 42, 47, 61, 54] <-- Page - 54
[26, 29, 25, 71, 31, 75, 60, 32, 64, 74, 67, 37, 33, 68, 36, 22, 69, 39, 34, 46, 65, 62, 45, 51, 38, 57, 40, 55, 70, 35, 66, 50, 44, 53, 63, 43, 80, 58, 49, 48, 52, 41, 56, 59, 42, 47, 54, 61] <-- Page - 61
[26, 29, 25, 71, 31, 75, 60, 32, 64, 74, 67, 37, 33, 68, 36, 22, 69, 39, 34, 46, 65, 62, 45, 51, 38, 57, 55, 70, 35, 66, 50, 44, 53, 63, 43, 80, 58, 49, 48, 52, 41, 56, 59, 42, 47, 54, 61, 40] <-- Page - 40
[26, 29, 25, 71, 31, 75, 60, 32, 64, 74, 67, 37, 33, 68, 36, 22, 69, 39, 34, 46, 65, 62, 45, 51, 38, 57, 55, 70, 35, 66, 50, 44, 53, 63, 43, 80, 58, 49, 52, 41, 56, 59, 42, 47, 54, 61, 40, 48] <-- Page - 48
[26, 29, 25, 71, 31, 75, 60, 32, 74, 67, 37, 33, 68, 36, 22, 69, 39, 34, 46, 65, 62, 45, 51, 38, 57, 55, 70, 35, 66, 50, 44, 53, 63, 43, 80, 58, 49, 52, 41, 56, 59, 42, 47, 54, 61, 40, 48, 64] <-- Page - 64
[26, 29, 25, 71, 31, 75, 60, 32, 74, 67, 37, 33, 68, 36, 22, 69, 39, 34, 46, 65, 62, 45, 51, 38, 57, 55, 70, 35, 66, 50, 44, 53, 63, 80, 58, 49, 52, 41, 56, 59, 42, 47, 54, 61, 40, 48, 64, 43] <-- Page - 43
[26, 25, 71, 31, 75, 60, 32, 74, 67, 37, 33, 68, 36, 22, 69, 39, 34, 46, 65, 62, 45, 51, 38, 57, 55, 70, 35, 66, 50, 44, 53, 63, 80, 58, 49, 52, 41, 56, 59, 42, 47, 54, 61, 40, 48, 64, 43, 29] <-- Page - 29
[26, 25, 71, 31, 75, 60, 32, 74, 67, 37, 33, 68, 36, 22, 69, 39, 34, 46, 65, 62, 45, 51, 38, 57, 55, 70, 35, 66, 50, 44, 53, 63, 80, 58, 49, 52, 41, 56, 59, 42, 47, 54, 61, 40, 48, 64, 43, 29, 30] <-- Page - 30 | Page Fault Here
[26, 25, 71, 31, 75, 60, 32, 74, 67, 37, 33, 68, 36, 22, 69, 39, 34, 46, 65, 62, 45, 51, 38, 57, 55, 70, 35, 66, 50, 44, 53, 63, 80, 58, 49, 52, 41, 56, 59, 42, 47, 54, 61, 40, 48, 64, 43, 29, 30, 24] <-- Page - 24 | Page Fault Here
[26, 25, 71, 31, 75, 60, 32, 74, 67, 37, 33, 68, 36, 22, 69, 39, 34, 46, 65, 62, 45, 51, 38, 57, 55, 70, 35, 66, 50, 44, 53, 63, 80, 58, 49, 52, 41, 56, 59, 42, 47, 54, 61, 40, 48, 64, 43, 29, 30, 24, 28] <-- Page - 28 | Page Fault Here
[26, 25, 71, 31, 75, 60, 32, 74, 67, 37, 33, 68, 36, 22, 69, 39, 34, 46, 65, 62, 51, 38, 57, 55, 70, 35, 66, 50, 44, 53, 63, 80, 58, 49, 52, 41, 56, 59, 42, 47, 54, 61, 40, 48, 64, 43, 29, 30, 24, 28, 45] <-- Page - 45
[26, 25, 71, 31, 75, 60, 32, 74, 67, 37, 33, 68, 36, 22, 69, 39, 34, 46, 65, 51, 38, 57, 55, 70, 35, 66, 50, 44, 53, 63, 80, 58, 49, 52, 41, 56, 59, 42, 47, 54, 61, 40, 48, 64, 43, 29, 30, 24, 28, 45, 62] <-- Page - 62
[26, 25, 71, 31, 75, 60, 32, 74, 67, 37, 33, 68, 36, 22, 69, 39, 34, 46, 65, 51, 38, 57, 55, 70, 35, 66, 50, 44, 53, 63, 80, 58, 49, 52, 41, 56, 59, 42, 47, 54, 61, 40, 48, 64, 43, 29, 30, 24, 28, 62, 45] <-- Page - 45
[26, 25, 71, 31, 75, 60, 32, 74, 67, 37, 33, 68, 36, 22, 69, 39, 34, 46, 65, 51, 38, 57, 55, 70, 35, 66, 50, 44, 63, 80, 58, 49, 52, 41, 56, 59, 42, 47, 54, 61, 40, 48, 64, 43, 29, 30, 24, 28, 62, 45, 53] <-- Page - 53
[26, 25, 71, 31, 75, 60, 32, 74, 67, 37, 33, 68, 36, 22, 69, 39, 34, 46, 65, 51, 38, 57, 55, 70, 35, 66, 50, 44, 63, 80, 58, 49, 52, 41, 56, 59, 42, 47, 54, 61, 40, 64, 43, 29, 30, 24, 28, 62, 45, 53, 48] <-- Page - 48
[26, 25, 71, 31, 75, 60, 32, 74, 67, 37, 33, 68, 36, 22, 69, 39, 34, 46, 65, 51, 38, 57, 55, 70, 35, 66, 44, 63, 80, 58, 49, 52, 41, 56, 59, 42, 47, 54, 61, 40, 64, 43, 29, 30, 24, 28, 62, 45, 53, 48, 50] <-- Page - 50
[26, 25, 71, 31, 75, 60, 32, 74, 67, 37, 33, 68, 36, 22, 69, 39, 34, 46, 65, 51, 38, 57, 55, 70, 35, 66, 44, 63, 80, 58, 49, 52, 41, 56, 59, 42, 47, 54, 61, 40, 64, 43, 29, 30, 24, 28, 62, 45, 53, 50, 48] <-- Page - 48
[26, 25, 71, 31, 75, 60, 32, 74, 67, 37, 33, 68, 36, 22, 69, 39, 34, 46, 65, 51, 38, 57, 55, 70, 35, 66, 44, 63, 80, 58, 49, 52, 41, 56, 59, 42, 47, 54, 61, 40, 64, 43, 29, 30, 24, 28, 62, 45, 53, 50, 48] <-- Page - 48
[26, 25, 71, 31, 75, 60, 32, 74, 67, 37, 33, 68, 36, 22, 69, 39, 34, 46, 65, 51, 38, 57, 55, 70, 35, 66, 44, 63, 80, 58, 49, 52, 41, 56, 59, 42, 47, 61, 40, 64, 43, 29, 30, 24, 28, 62, 45, 53, 50, 48, 54] <-- Page - 54
[26, 25, 71, 31, 75, 60, 32, 74, 67, 37, 33, 68, 36, 22, 69, 39, 34, 46, 65, 51, 57, 55, 70, 35, 66, 44, 63, 80, 58, 49, 52, 41, 56, 59, 42, 47, 61, 40, 64, 43, 29, 30, 24, 28, 62, 45, 53, 50, 48, 54, 38] <-- Page - 38
[26, 25, 71, 31, 75, 32, 74, 67, 37, 33, 68, 36, 22, 69, 39, 34, 46, 65, 51, 57, 55, 70, 35, 66, 44, 63, 80, 58, 49, 52, 41, 56, 59, 42, 47, 61, 40, 64, 43, 29, 30, 24, 28, 62, 45, 53, 50, 48, 54, 38, 60] <-- Page - 60
[26, 25, 71, 31, 75, 32, 74, 67, 37, 33, 68, 36, 22, 69, 39, 34, 46, 65, 51, 57, 55, 70, 35, 66, 44, 63, 80, 58, 49, 52, 41, 56, 42, 47, 61, 40, 64, 43, 29, 30, 24, 28, 62, 45, 53, 50, 48, 54, 38, 60, 59] <-- Page - 59
[26, 25, 71, 31, 75, 32, 74, 67, 37, 33, 68, 36, 22, 69, 39, 34, 46, 65, 51, 57, 55, 70, 35, 66, 44, 63, 80, 58, 49, 52, 41, 56, 42, 47, 61, 40, 64, 43, 29, 30, 24, 28, 62, 45, 53, 50, 54, 38, 60, 59, 48] <-- Page - 48
[26, 25, 71, 31, 75, 32, 74, 67, 37, 33, 68, 36, 22, 69, 39, 34, 46, 65, 51, 57, 55, 70, 35, 66, 44, 63, 80, 49, 52, 41, 56, 42, 47, 61, 40, 64, 43, 29, 30, 24, 28, 62, 45, 53, 50, 54, 38, 60, 59, 48, 58] <-- Page - 58
[26, 25, 71, 31, 75, 32, 74, 67, 37, 33, 68, 36, 22, 69, 39, 34, 46, 65, 51, 57, 55, 70, 35, 66, 44, 63, 80, 49, 52, 41, 56, 47, 61, 40, 64, 43, 29, 30, 24, 28, 62, 45, 53, 50, 54, 38, 60, 59, 48, 58, 42] <-- Page - 42
[26, 25, 71, 31, 75, 32, 74, 67, 37, 33, 68, 36, 22, 69, 39, 34, 46, 65, 51, 57, 55, 70, 35, 66, 63, 80, 49, 52, 41, 56, 47, 61, 40, 64, 43, 29, 30, 24, 28, 62, 45, 53, 50, 54, 38, 60, 59, 48, 58, 42, 44] <-- Page - 44
[26, 25, 71, 31, 75, 32, 74, 67, 37, 33, 68, 36, 22, 69, 39, 34, 46, 65, 57, 55, 70, 35, 66, 63, 80, 49, 52, 41, 56, 47, 61, 40, 64, 43, 29, 30, 24, 28, 62, 45, 53, 50, 54, 38, 60, 59, 48, 58, 42, 44, 51] <-- Page - 51
[26, 25, 71, 31, 75, 32, 74, 67, 37, 33, 68, 36, 22, 69, 39, 34, 46, 65, 57, 55, 70, 35, 66, 63, 80, 49, 52, 41, 56, 47, 61, 40, 64, 43, 29, 30, 24, 28, 62, 45, 53, 50, 54, 38, 60, 59, 58, 42, 44, 51, 48] <-- Page - 48
[26, 25, 71, 31, 75, 32, 74, 67, 37, 33, 68, 36, 22, 69, 39, 34, 46, 65, 57, 55, 70, 35, 66, 63, 80, 49, 52, 41, 56, 47, 61, 40, 64, 43, 29, 30, 24, 28, 62, 53, 50, 54, 38, 60, 59, 58, 42, 44, 51, 48, 45] <-- Page - 45
[26, 25, 71, 31, 75, 32, 74, 67, 37, 33, 68, 36, 22, 69, 39, 34, 46, 65, 57, 55, 70, 35, 66, 63, 80, 49, 52, 41, 56, 47, 61, 40, 64, 29, 30, 24, 28, 62, 53, 50, 54, 38, 60, 59, 58, 42, 44, 51, 48, 45, 43] <-- Page - 43
[26, 25, 71, 31, 75, 32, 74, 67, 37, 33, 68, 36, 22, 69, 39, 34, 46, 65, 57, 55, 70, 35, 66, 63, 80, 49, 52, 41, 56, 47, 61, 40, 64, 29, 30, 24, 28, 62, 53, 50, 54, 38, 60, 59, 58, 42, 51, 48, 45, 43, 44] <-- Page - 44
[26, 25, 71, 31, 75, 32, 74, 67, 37, 33, 68, 36, 22, 69, 39, 34, 46, 65, 57, 55, 70, 35, 66, 63, 80, 49, 52, 41, 56, 47, 61, 40, 64, 29, 30, 24, 28, 62, 53, 50, 54, 38, 60, 58, 42, 51, 48, 45, 43, 44, 59] <-- Page - 59
[26, 25, 71, 31, 75, 32, 74, 67, 37, 33, 68, 36, 22, 69, 39, 34, 46, 65, 57, 55, 70, 35, 66, 63, 80, 49, 52, 41, 56, 47, 61, 40, 64, 29, 24, 28, 62, 53, 50, 54, 38, 60, 58, 42, 51, 48, 45, 43, 44, 59, 30] <-- Page - 30
[26, 25, 71, 31, 75, 32, 74, 67, 37, 33, 68, 36, 22, 69, 39, 34, 46, 65, 57, 55, 70, 35, 66, 63, 80, 49, 52, 41, 56, 47, 61, 40, 64, 29, 24, 28, 62, 50, 54, 38, 60, 58, 42, 51, 48, 45, 43, 44, 59, 30, 53] <-- Page - 53
[26, 25, 71, 31, 75, 32, 74, 67, 37, 33, 68, 36, 22, 69, 39, 34, 46, 65, 57, 55, 70, 35, 66, 63, 80, 49, 52, 41, 56, 61, 40, 64, 29, 24, 28, 62, 50, 54, 38, 60, 58, 42, 51, 48, 45, 43, 44, 59, 30, 53, 47] <-- Page - 47
[26, 25, 71, 31, 75, 32, 74, 67, 37, 33, 68, 36, 22, 69, 39, 34, 46, 65, 55, 70, 35, 66, 63, 80, 49, 52, 41, 56, 61, 40, 64, 29, 24, 28, 62, 50, 54, 38, 60, 58, 42, 51, 48, 45, 43, 44, 59, 30, 53, 47, 57] <-- Page - 57
[26, 25, 71, 31, 75, 32, 74, 67, 37, 33, 68, 36, 22, 69, 39, 34, 46, 65, 70, 35, 66, 63, 80, 49, 52, 41, 56, 61, 40, 64, 29, 24, 28, 62, 50, 54, 38, 60, 58, 42, 51, 48, 45, 43, 44, 59, 30, 53, 47, 57, 55] <-- Page - 55
[26, 25, 71, 31, 75, 32, 74, 67, 37, 33, 68, 36, 69, 39, 34, 46, 65, 70, 35, 66, 63, 80, 49, 52, 41, 56, 61, 40, 64, 29, 24, 28, 62, 50, 54, 38, 60, 58, 42, 51, 48, 45, 43, 44, 59, 30, 53, 47, 57, 55, 22] <-- Page - 22
[26, 25, 71, 31, 75, 32, 74, 67, 37, 33, 68, 36, 69, 39, 34, 46, 65, 70, 35, 66, 63, 80, 49, 52, 41, 56, 61, 40, 64, 29, 24, 28, 62, 50, 54, 38, 60, 58, 42, 51, 48, 45, 43, 44, 59, 30, 53, 47, 57, 22, 55] <-- Page - 55
[26, 25, 71, 31, 75, 32, 74, 67, 37, 33, 68, 36, 69, 39, 34, 46, 65, 70, 35, 66, 63, 80, 49, 52, 41, 56, 61, 40, 64, 29, 24, 28, 62, 50, 54, 38, 60, 58, 42, 51, 48, 45, 43, 44, 59, 30, 47, 57, 22, 55, 53] <-- Page - 53
[26, 25, 71, 31, 75, 32, 74, 67, 37, 33, 68, 36, 69, 39, 34, 46, 65, 70, 35, 66, 63, 80, 49, 52, 41, 56, 61, 40, 64, 29, 24, 28, 62, 54, 38, 60, 58, 42, 51, 48, 45, 43, 44, 59, 30, 47, 57, 22, 55, 53, 50] <-- Page - 50
[26, 25, 71, 31, 75, 32, 74, 67, 37, 33, 68, 36, 69, 39, 34, 46, 65, 70, 35, 66, 63, 80, 49, 52, 41, 56, 61, 40, 64, 29, 24, 28, 62, 54, 38, 60, 58, 42, 51, 48, 43, 44, 59, 30, 47, 57, 22, 55, 53, 50, 45] <-- Page - 45
[26, 25, 71, 31, 75, 32, 74, 67, 37, 33, 68, 36, 69, 39, 34, 46, 65, 70, 35, 66, 63, 80, 49, 52, 41, 56, 61, 40, 64, 29, 24, 28, 62, 54, 38, 60, 42, 51, 48, 43, 44, 59, 30, 47, 57, 22, 55, 53, 50, 45, 58] <-- Page - 58
[26, 25, 71, 31, 75, 32, 74, 67, 37, 33, 68, 36, 69, 39, 34, 46, 65, 70, 35, 66, 63, 80, 49, 52, 41, 56, 61, 40, 64, 29, 24, 28, 62, 54, 38, 60, 42, 51, 48, 43, 44, 59, 30, 47, 57, 22, 55, 53, 50, 58, 45] <-- Page - 45
[26, 25, 71, 31, 75, 32, 74, 67, 37, 33, 36, 69, 39, 34, 46, 65, 70, 35, 66, 63, 80, 49, 52, 41, 56, 61, 40, 64, 29, 24, 28, 62, 54, 38, 60, 42, 51, 48, 43, 44, 59, 30, 47, 57, 22, 55, 53, 50, 58, 45, 68] <-- Page - 68
[26, 25, 71, 31, 75, 32, 74, 67, 37, 33, 36, 69, 39, 34, 46, 65, 70, 35, 66, 63, 80, 49, 52, 41, 56, 61, 40, 64, 29, 24, 28, 62, 54, 38, 60, 42, 51, 48, 43, 44, 59, 30, 47, 57, 22, 53, 50, 58, 45, 68, 55] <-- Page - 55
[26, 25, 31, 75, 32, 74, 67, 37, 33, 36, 69, 39, 34, 46, 65, 70, 35, 66, 63, 80, 49, 52, 41, 56, 61, 40, 64, 29, 24, 28, 62, 54, 38, 60, 42, 51, 48, 43, 44, 59, 30, 47, 57, 22, 53, 50, 58, 45, 68, 55, 71] <-- Page - 71
[26, 25, 31, 75, 32, 74, 67, 37, 33, 36, 69, 39, 34, 46, 65, 70, 35, 66, 63, 80, 49, 52, 41, 56, 61, 40, 64, 29, 24, 28, 62, 54, 38, 60, 51, 48, 43, 44, 59, 30, 47, 57, 22, 53, 50, 58, 45, 68, 55, 71, 42] <-- Page - 42
[26, 25, 31, 75, 74, 67, 37, 33, 36, 69, 39, 34, 46, 65, 70, 35, 66, 63, 80, 49, 52, 41, 56, 61, 40, 64, 29, 24, 28, 62, 54, 38, 60, 51, 48, 43, 44, 59, 30, 47, 57, 22, 53, 50, 58, 45, 68, 55, 71, 42, 32] <-- Page - 32
[26, 25, 31, 75, 74, 67, 37, 33, 36, 69, 39, 34, 46, 65, 70, 35, 66, 63, 80, 49, 52, 41, 56, 61, 40, 64, 29, 24, 28, 62, 54, 38, 60, 51, 48, 43, 44, 59, 30, 47, 22, 53, 50, 58, 45, 68, 55, 71, 42, 32, 57] <-- Page - 57
[26, 25, 31, 75, 74, 67, 37, 33, 36, 69, 39, 34, 46, 65, 70, 35, 66, 63, 80, 49, 52, 41, 56, 61, 40, 64, 29, 24, 28, 62, 54, 38, 60, 51, 48, 43, 44, 59, 30, 47, 22, 53, 50, 45, 68, 55, 71, 42, 32, 57, 58] <-- Page - 58
[26, 25, 31, 75, 74, 67, 37, 33, 36, 69, 39, 34, 46, 65, 70, 35, 66, 63, 80, 49, 52, 41, 56, 61, 40, 64, 29, 24, 28, 62, 54, 38, 60, 51, 48, 43, 44, 59, 30, 47, 22, 53, 45, 68, 55, 71, 42, 32, 57, 58, 50] <-- Page - 50
[26, 25, 31, 75, 74, 67, 37, 33, 36, 69, 39, 46, 65, 70, 35, 66, 63, 80, 49, 52, 41, 56, 61, 40, 64, 29, 24, 28, 62, 54, 38, 60, 51, 48, 43, 44, 59, 30, 47, 22, 53, 45, 68, 55, 71, 42, 32, 57, 58, 50, 34] <-- Page - 34
[26, 25, 31, 75, 74, 67, 37, 33, 36, 69, 39, 46, 65, 70, 35, 66, 63, 80, 49, 52, 41, 56, 61, 40, 64, 29, 24, 28, 62, 54, 38, 60, 51, 48, 43, 44, 59, 30, 47, 22, 53, 68, 55, 71, 42, 32, 57, 58, 50, 34, 45] <-- Page - 45
[26, 25, 31, 75, 74, 67, 37, 33, 36, 69, 39, 46, 65, 70, 35, 66, 63, 80, 49, 52, 41, 61, 40, 64, 29, 24, 28, 62, 54, 38, 60, 51, 48, 43, 44, 59, 30, 47, 22, 53, 68, 55, 71, 42, 32, 57, 58, 50, 34, 45, 56] <-- Page - 56
[26, 25, 31, 75, 74, 67, 37, 33, 36, 69, 39, 46, 65, 70, 35, 66, 63, 80, 49, 52, 41, 61, 40, 64, 29, 24, 28, 62, 54, 38, 60, 51, 43, 44, 59, 30, 47, 22, 53, 68, 55, 71, 42, 32, 57, 58, 50, 34, 45, 56, 48] <-- Page - 48
[26, 25, 31, 75, 74, 67, 37, 33, 36, 69, 39, 46, 65, 70, 35, 66, 63, 80, 49, 52, 41, 61, 40, 64, 29, 24, 28, 62, 54, 38, 60, 51, 43, 44, 59, 30, 47, 22, 53, 68, 55, 71, 42, 32, 57, 58, 50, 34, 45, 56, 48] <-- Page - 48
[26, 25, 31, 75, 74, 67, 37, 33, 36, 69, 39, 46, 65, 70, 35, 66, 63, 80, 49, 52, 41, 61, 40, 64, 29, 24, 28, 62, 54, 38, 60, 51, 43, 44, 59, 30, 47, 22, 53, 68, 55, 71, 42, 32, 57, 58, 50, 34, 45, 56, 48] <-- Page - 48
[26, 25, 31, 75, 74, 67, 37, 33, 36, 69, 39, 46, 65, 70, 35, 66, 63, 80, 49, 52, 41, 61, 64, 29, 24, 28, 62, 54, 38, 60, 51, 43, 44, 59, 30, 47, 22, 53, 68, 55, 71, 42, 32, 57, 58, 50, 34, 45, 56, 48, 40] <-- Page - 40
[26, 25, 31, 75, 74, 67, 37, 33, 36, 69, 39, 46, 65, 70, 35, 66, 63, 80, 49, 52, 41, 61, 64, 29, 24, 28, 62, 54, 38, 60, 51, 43, 59, 30, 47, 22, 53, 68, 55, 71, 42, 32, 57, 58, 50, 34, 45, 56, 48, 40, 44] <-- Page - 44
[26, 25, 31, 75, 74, 67, 37, 33, 36, 69, 39, 46, 65, 70, 66, 63, 80, 49, 52, 41, 61, 64, 29, 24, 28, 62, 54, 38, 60, 51, 43, 59, 30, 47, 22, 53, 68, 55, 71, 42, 32, 57, 58, 50, 34, 45, 56, 48, 40, 44, 35] <-- Page - 35
[26, 25, 31, 75, 74, 37, 33, 36, 69, 39, 46, 65, 70, 66, 63, 80, 49, 52, 41, 61, 64, 29, 24, 28, 62, 54, 38, 60, 51, 43, 59, 30, 47, 22, 53, 68, 55, 71, 42, 32, 57, 58, 50, 34, 45, 56, 48, 40, 44, 35, 67] <-- Page - 67
[26, 25, 31, 75, 74, 37, 33, 36, 69, 39, 46, 65, 70, 66, 63, 80, 49, 52, 41, 61, 64, 29, 24, 28, 62, 54, 38, 60, 51, 43, 59, 30, 47, 22, 53, 68, 55, 71, 42, 32, 57, 58, 50, 34, 56, 48, 40, 44, 35, 67, 45] <-- Page - 45
[26, 25, 31, 75, 74, 37, 33, 36, 69, 39, 46, 65, 70, 66, 63, 80, 49, 52, 41, 61, 64, 29, 24, 28, 62, 38, 60, 51, 43, 59, 30, 47, 22, 53, 68, 55, 71, 42, 32, 57, 58, 50, 34, 56, 48, 40, 44, 35, 67, 45, 54] <-- Page - 54
[26, 25, 31, 75, 74, 37, 33, 36, 69, 46, 65, 70, 66, 63, 80, 49, 52, 41, 61, 64, 29, 24, 28, 62, 38, 60, 51, 43, 59, 30, 47, 22, 53, 68, 55, 71, 42, 32, 57, 58, 50, 34, 56, 48, 40, 44, 35, 67, 45, 54, 39] <-- Page - 39
[26, 25, 31, 75, 74, 37, 33, 36, 69, 46, 65, 70, 66, 63, 80, 49, 52, 41, 61, 64, 29, 24, 28, 62, 38, 60, 51, 43, 59, 30, 47, 22, 53, 68, 55, 71, 42, 32, 58, 50, 34, 56, 48, 40, 44, 35, 67, 45, 54, 39, 57] <-- Page - 57
[26, 25, 75, 74, 37, 33, 36, 69, 46, 65, 70, 66, 63, 80, 49, 52, 41, 61, 64, 29, 24, 28, 62, 38, 60, 51, 43, 59, 30, 47, 22, 53, 68, 55, 71, 42, 32, 58, 50, 34, 56, 48, 40, 44, 35, 67, 45, 54, 39, 57, 31] <-- Page - 31
[26, 25, 75, 74, 37, 33, 36, 69, 46, 65, 70, 66, 63, 80, 49, 52, 41, 61, 64, 29, 24, 28, 62, 38, 60, 51, 43, 30, 47, 22, 53, 68, 55, 71, 42, 32, 58, 50, 34, 56, 48, 40, 44, 35, 67, 45, 54, 39, 57, 31, 59] <-- Page - 59
[26, 25, 75, 74, 37, 33, 36, 69, 46, 65, 70, 66, 63, 80, 52, 41, 61, 64, 29, 24, 28, 62, 38, 60, 51, 43, 30, 47, 22, 53, 68, 55, 71, 42, 32, 58, 50, 34, 56, 48, 40, 44, 35, 67, 45, 54, 39, 57, 31, 59, 49] <-- Page - 49
[26, 25, 75, 74, 37, 33, 36, 69, 46, 65, 70, 66, 63, 80, 52, 41, 61, 64, 29, 24, 28, 62, 38, 60, 51, 43, 30, 47, 22, 53, 68, 55, 42, 32, 58, 50, 34, 56, 48, 40, 44, 35, 67, 45, 54, 39, 57, 31, 59, 49, 71] <-- Page - 71
[26, 25, 75, 74, 37, 33, 69, 46, 65, 70, 66, 63, 80, 52, 41, 61, 64, 29, 24, 28, 62, 38, 60, 51, 43, 30, 47, 22, 53, 68, 55, 42, 32, 58, 50, 34, 56, 48, 40, 44, 35, 67, 45, 54, 39, 57, 31, 59, 49, 71, 36] <-- Page - 36
[26, 25, 75, 74, 37, 33, 69, 46, 65, 70, 66, 63, 80, 52, 41, 61, 64, 29, 24, 28, 62, 38, 60, 51, 43, 30, 47, 22, 53, 68, 55, 42, 32, 58, 34, 56, 48, 40, 44, 35, 67, 45, 54, 39, 57, 31, 59, 49, 71, 36, 50] <-- Page - 50
[26, 25, 75, 74, 37, 33, 69, 46, 65, 70, 66, 63, 80, 52, 41, 61, 64, 29, 24, 28, 62, 38, 60, 51, 43, 30, 47, 22, 68, 55, 42, 32, 58, 34, 56, 48, 40, 44, 35, 67, 45, 54, 39, 57, 31, 59, 49, 71, 36, 50, 53] <-- Page - 53
[26, 25, 75, 74, 37, 33, 69, 46, 65, 70, 66, 63, 80, 52, 41, 61, 64, 29, 24, 28, 38, 60, 51, 43, 30, 47, 22, 68, 55, 42, 32, 58, 34, 56, 48, 40, 44, 35, 67, 45, 54, 39, 57, 31, 59, 49, 71, 36, 50, 53, 62] <-- Page - 62
[26, 25, 75, 74, 37, 33, 69, 46, 65, 70, 66, 63, 80, 52, 41, 61, 64, 29, 24, 28, 38, 60, 51, 43, 30, 47, 22, 68, 55, 42, 32, 58, 34, 56, 48, 40, 44, 35, 67, 54, 39, 57, 31, 59, 49, 71, 36, 50, 53, 62, 45] <-- Page - 45
[26, 25, 75, 74, 37, 33, 69, 46, 65, 70, 66, 63, 80, 52, 41, 61, 64, 29, 24, 28, 38, 60, 51, 43, 30, 47, 22, 68, 55, 42, 32, 58, 34, 56, 48, 40, 44, 35, 67, 54, 39, 57, 31, 59, 49, 71, 36, 53, 62, 45, 50] <-- Page - 50
[26, 25, 75, 74, 37, 33, 69, 46, 65, 70, 66, 63, 80, 52, 41, 61, 64, 29, 24, 38, 60, 51, 43, 30, 47, 22, 68, 55, 42, 32, 58, 34, 56, 48, 40, 44, 35, 67, 54, 39, 57, 31, 59, 49, 71, 36, 53, 62, 45, 50, 28] <-- Page - 28
[26, 25, 75, 74, 37, 33, 69, 46, 65, 70, 66, 63, 80, 52, 61, 64, 29, 24, 38, 60, 51, 43, 30, 47, 22, 68, 55, 42, 32, 58, 34, 56, 48, 40, 44, 35, 67, 54, 39, 57, 31, 59, 49, 71, 36, 53, 62, 45, 50, 28, 41] <-- Page - 41
[26, 25, 75, 74, 37, 33, 69, 46, 65, 70, 66, 63, 80, 52, 61, 64, 29, 24, 38, 60, 51, 43, 30, 47, 22, 68, 55, 42, 32, 58, 34, 56, 48, 40, 44, 35, 67, 39, 57, 31, 59, 49, 71, 36, 53, 62, 45, 50, 28, 41, 54] <-- Page - 54
[26, 25, 75, 74, 37, 33, 69, 46, 65, 70, 66, 63, 80, 52, 64, 29, 24, 38, 60, 51, 43, 30, 47, 22, 68, 55, 42, 32, 58, 34, 56, 48, 40, 44, 35, 67, 39, 57, 31, 59, 49, 71, 36, 53, 62, 45, 50, 28, 41, 54, 61] <-- Page - 61
[26, 25, 75, 74, 37, 33, 69, 46, 65, 70, 66, 63, 80, 52, 64, 29, 24, 38, 60, 51, 43, 30, 22, 68, 55, 42, 32, 58, 34, 56, 48, 40, 44, 35, 67, 39, 57, 31, 59, 49, 71, 36, 53, 62, 45, 50, 28, 41, 54, 61, 47] <-- Page - 47
[26, 25, 75, 74, 37, 33, 69, 46, 65, 66, 63, 80, 52, 64, 29, 24, 38, 60, 51, 43, 30, 22, 68, 55, 42, 32, 58, 34, 56, 48, 40, 44, 35, 67, 39, 57, 31, 59, 49, 71, 36, 53, 62, 45, 50, 28, 41, 54, 61, 47, 70] <-- Page - 70
[26, 25, 75, 74, 37, 33, 69, 46, 65, 66, 63, 80, 52, 64, 29, 24, 38, 60, 51, 43, 30, 22, 68, 55, 42, 32, 58, 34, 56, 48, 40, 44, 35, 39, 57, 31, 59, 49, 71, 36, 53, 62, 45, 50, 28, 41, 54, 61, 47, 70, 67] <-- Page - 67
[26, 25, 75, 74, 37, 33, 69, 46, 65, 66, 63, 80, 52, 64, 29, 24, 38, 60, 51, 43, 30, 22, 68, 55, 42, 32, 58, 34, 56, 48, 40, 44, 35, 39, 57, 31, 59, 71, 36, 53, 62, 45, 50, 28, 41, 54, 61, 47, 70, 67, 49] <-- Page - 49
[26, 75, 74, 37, 33, 69, 46, 65, 66, 63, 80, 52, 64, 29, 24, 38, 60, 51, 43, 30, 22, 68, 55, 42, 32, 58, 34, 56, 48, 40, 44, 35, 39, 57, 31, 59, 71, 36, 53, 62, 45, 50, 28, 41, 54, 61, 47, 70, 67, 49, 25] <-- Page - 25
[26, 75, 74, 37, 33, 69, 46, 65, 66, 63, 80, 52, 64, 29, 24, 38, 60, 51, 43, 30, 22, 68, 55, 42, 58, 34, 56, 48, 40, 44, 35, 39, 57, 31, 59, 71, 36, 53, 62, 45, 50, 28, 41, 54, 61, 47, 70, 67, 49, 25, 32] <-- Page - 32
[26, 75, 74, 37, 33, 69, 46, 65, 66, 63, 80, 52, 64, 29, 24, 38, 60, 51, 43, 30, 22, 68, 55, 58, 34, 56, 48, 40, 44, 35, 39, 57, 31, 59, 71, 36, 53, 62, 45, 50, 28, 41, 54, 61, 47, 70, 67, 49, 25, 32, 42] <-- Page - 42
[26, 75, 74, 37, 33, 69, 46, 65, 66, 63, 80, 52, 64, 29, 24, 38, 60, 51, 43, 30, 22, 68, 55, 58, 34, 56, 48, 40, 44, 35, 39, 57, 31, 59, 71, 36, 53, 62, 45, 50, 28, 41, 54, 47, 70, 67, 49, 25, 32, 42, 61] <-- Page - 61
[26, 75, 74, 37, 33, 69, 46, 65, 66, 63, 80, 52, 64, 29, 24, 38, 60, 51, 43, 30, 22, 68, 55, 58, 34, 56, 48, 40, 44, 35, 39, 57, 31, 59, 71, 36, 62, 45, 50, 28, 41, 54, 47, 70, 67, 49, 25, 32, 42, 61, 53] <-- Page - 53
[26, 75, 74, 37, 33, 69, 46, 65, 66, 63, 80, 52, 64, 24, 38, 60, 51, 43, 30, 22, 68, 55, 58, 34, 56, 48, 40, 44, 35, 39, 57, 31, 59, 71, 36, 62, 45, 50, 28, 41, 54, 47, 70, 67, 49, 25, 32, 42, 61, 53, 29] <-- Page - 29
[26, 75, 74, 37, 33, 69, 46, 65, 66, 63, 80, 52, 64, 24, 38, 60, 51, 43, 30, 22, 68, 55, 58, 34, 56, 48, 40, 44, 35, 39, 57, 31, 59, 71, 36, 62, 45, 50, 28, 41, 54, 70, 67, 49, 25, 32, 42, 61, 53, 29, 47] <-- Page - 47
[26, 75, 74, 37, 33, 69, 46, 65, 63, 80, 52, 64, 24, 38, 60, 51, 43, 30, 22, 68, 55, 58, 34, 56, 48, 40, 44, 35, 39, 57, 31, 59, 71, 36, 62, 45, 50, 28, 41, 54, 70, 67, 49, 25, 32, 42, 61, 53, 29, 47, 66] <-- Page - 66
[26, 75, 74, 37, 33, 69, 65, 63, 80, 52, 64, 24, 38, 60, 51, 43, 30, 22, 68, 55, 58, 34, 56, 48, 40, 44, 35, 39, 57, 31, 59, 71, 36, 62, 45, 50, 28, 41, 54, 70, 67, 49, 25, 32, 42, 61, 53, 29, 47, 66, 46] <-- Page - 46
[26, 75, 74, 37, 33, 69, 65, 63, 80, 52, 64, 24, 38, 60, 51, 43, 30, 22, 68, 55, 58, 34, 56, 48, 40, 44, 35, 39, 57, 31, 59, 71, 36, 62, 45, 50, 28, 41, 54, 70, 67, 49, 25, 32, 61, 53, 29, 47, 66, 46, 42] <-- Page - 42
[26, 75, 74, 37, 33, 69, 65, 63, 80, 52, 64, 24, 38, 60, 51, 43, 30, 22, 68, 55, 58, 34, 56, 48, 40, 44, 35, 39, 57, 31, 59, 71, 36, 62, 45, 50, 28, 41, 54, 67, 49, 25, 32, 61, 53, 29, 47, 66, 46, 42, 70] <-- Page - 70
[26, 75, 74, 37, 33, 69, 65, 63, 80, 52, 64, 24, 38, 60, 51, 43, 30, 22, 68, 55, 58, 34, 56, 48, 40, 44, 35, 39, 57, 31, 59, 71, 36, 62, 45, 28, 41, 54, 67, 49, 25, 32, 61, 53, 29, 47, 66, 46, 42, 70, 50] <-- Page - 50
[26, 75, 74, 37, 33, 69, 65, 63, 80, 52, 64, 24, 38, 60, 51, 43, 30, 22, 68, 55, 58, 34, 56, 48, 40, 44, 35, 39, 57, 31, 59, 71, 36, 62, 28, 41, 54, 67, 49, 25, 32, 61, 53, 29, 47, 66, 46, 42, 70, 50, 45] <-- Page - 45
[26, 75, 74, 37, 33, 69, 65, 63, 80, 52, 64, 24, 38, 60, 51, 43, 30, 22, 68, 55, 58, 34, 56, 48, 40, 44, 35, 39, 57, 31, 59, 71, 36, 62, 28, 41, 54, 67, 49, 25, 32, 61, 29, 47, 66, 46, 42, 70, 50, 45, 53] <-- Page - 53
[26, 75, 74, 37, 33, 69, 65, 63, 80, 52, 64, 24, 38, 60, 51, 43, 30, 22, 68, 55, 58, 34, 56, 48, 40, 44, 35, 39, 57, 31, 59, 71, 36, 62, 28, 41, 54, 67, 49, 25, 32, 61, 29, 47, 66, 46, 42, 70, 45, 53, 50] <-- Page - 50
[26, 75, 74, 37, 33, 69, 65, 63, 80, 52, 64, 24, 38, 60, 51, 43, 30, 22, 68, 55, 58, 34, 56, 48, 40, 44, 35, 39, 57, 31, 59, 71, 36, 62, 28, 41, 54, 67, 49, 25, 32, 61, 29, 47, 66, 46, 42, 70, 53, 50, 45] <-- Page - 45
[26, 75, 74, 37, 33, 69, 65, 63, 80, 52, 64, 24, 38, 60, 51, 43, 30, 22, 68, 55, 58, 34, 56, 48, 40, 44, 35, 39, 57, 31, 59, 71, 36, 28, 41, 54, 67, 49, 25, 32, 61, 29, 47, 66, 46, 42, 70, 53, 50, 45, 62] <-- Page - 62
[26, 75, 74, 37, 33, 69, 65, 63, 80, 52, 64, 24, 38, 60, 51, 43, 30, 22, 68, 55, 58, 34, 56, 48, 40, 44, 35, 39, 57, 31, 59, 71, 36, 28, 41, 54, 67, 49, 25, 32, 29, 47, 66, 46, 42, 70, 53, 50, 45, 62, 61] <-- Page - 61
[26, 75, 74, 37, 33, 69, 65, 63, 80, 52, 64, 24, 38, 60, 51, 43, 30, 22, 68, 55, 34, 56, 48, 40, 44, 35, 39, 57, 31, 59, 71, 36, 28, 41, 54, 67, 49, 25, 32, 29, 47, 66, 46, 42, 70, 53, 50, 45, 62, 61, 58] <-- Page - 58
[26, 75, 74, 37, 33, 69, 65, 63, 80, 52, 64, 24, 38, 60, 51, 43, 30, 22, 68, 55, 34, 56, 40, 44, 35, 39, 57, 31, 59, 71, 36, 28, 41, 54, 67, 49, 25, 32, 29, 47, 66, 46, 42, 70, 53, 50, 45, 62, 61, 58, 48] <-- Page - 48
[26, 75, 74, 37, 33, 69, 65, 63, 80, 52, 64, 24, 38, 60, 51, 43, 30, 22, 68, 55, 34, 56, 40, 44, 35, 39, 57, 31, 59, 71, 36, 28, 41, 54, 67, 49, 25, 32, 29, 47, 66, 46, 42, 70, 53, 50, 45, 62, 58, 48, 61] <-- Page - 61
[26, 75, 74, 37, 33, 69, 65, 63, 80, 52, 64, 24, 38, 60, 51, 43, 30, 22, 68, 55, 34, 56, 40, 44, 35, 39, 57, 31, 59, 71, 36, 28, 41, 54, 67, 25, 32, 29, 47, 66, 46, 42, 70, 53, 50, 45, 62, 58, 48, 61, 49] <-- Page - 49
[26, 75, 74, 37, 33, 69, 65, 63, 80, 52, 64, 24, 38, 60, 51, 43, 30, 22, 68, 55, 34, 56, 40, 44, 35, 39, 57, 31, 59, 71, 36, 28, 41, 67, 25, 32, 29, 47, 66, 46, 42, 70, 53, 50, 45, 62, 58, 48, 61, 49, 54] <-- Page - 54
[26, 75, 74, 37, 33, 69, 65, 63, 80, 52, 64, 24, 38, 51, 43, 30, 22, 68, 55, 34, 56, 40, 44, 35, 39, 57, 31, 59, 71, 36, 28, 41, 67, 25, 32, 29, 47, 66, 46, 42, 70, 53, 50, 45, 62, 58, 48, 61, 49, 54, 60] <-- Page - 60
[26, 75, 74, 37, 33, 69, 65, 63, 80, 52, 64, 24, 38, 51, 43, 30, 22, 68, 55, 34, 56, 40, 44, 35, 39, 57, 31, 59, 71, 36, 28, 41, 67, 25, 32, 29, 47, 66, 46, 42, 70, 53, 50, 45, 62, 48, 61, 49, 54, 60, 58] <-- Page - 58
[26, 75, 74, 37, 33, 69, 65, 63, 80, 52, 64, 24, 38, 51, 43, 30, 22, 68, 55, 34, 56, 40, 44, 35, 39, 57, 31, 59, 71, 36, 28, 41, 25, 32, 29, 47, 66, 46, 42, 70, 53, 50, 45, 62, 48, 61, 49, 54, 60, 58, 67] <-- Page - 67
[26, 75, 74, 37, 33, 69, 65, 63, 80, 52, 64, 24, 38, 51, 43, 30, 22, 68, 55, 34, 56, 40, 44, 35, 39, 57, 31, 59, 71, 36, 28, 41, 25, 32, 29, 47, 66, 46, 42, 70, 53, 50, 45, 62, 48, 61, 49, 60, 58, 67, 54] <-- Page - 54
[26, 75, 74, 37, 69, 65, 63, 80, 52, 64, 24, 38, 51, 43, 30, 22, 68, 55, 34, 56, 40, 44, 35, 39, 57, 31, 59, 71, 36, 28, 41, 25, 32, 29, 47, 66, 46, 42, 70, 53, 50, 45, 62, 48, 61, 49, 60, 58, 67, 54, 33] <-- Page - 33
[26, 75, 74, 37, 69, 65, 63, 80, 52, 64, 24, 51, 43, 30, 22, 68, 55, 34, 56, 40, 44, 35, 39, 57, 31, 59, 71, 36, 28, 41, 25, 32, 29, 47, 66, 46, 42, 70, 53, 50, 45, 62, 48, 61, 49, 60, 58, 67, 54, 33, 38] <-- Page - 38
[26, 75, 74, 37, 69, 65, 80, 52, 64, 24, 51, 43, 30, 22, 68, 55, 34, 56, 40, 44, 35, 39, 57, 31, 59, 71, 36, 28, 41, 25, 32, 29, 47, 66, 46, 42, 70, 53, 50, 45, 62, 48, 61, 49, 60, 58, 67, 54, 33, 38, 63] <-- Page - 63
[26, 75, 74, 37, 69, 65, 80, 52, 64, 24, 51, 43, 30, 22, 68, 55, 34, 56, 40, 44, 35, 39, 57, 31, 59, 71, 36, 28, 41, 25, 32, 29, 47, 66, 42, 70, 53, 50, 45, 62, 48, 61, 49, 60, 58, 67, 54, 33, 38, 63, 46] <-- Page - 46
[26, 75, 74, 37, 69, 65, 80, 52, 64, 24, 51, 43, 30, 22, 68, 55, 34, 56, 40, 44, 35, 39, 57, 31, 59, 71, 36, 28, 41, 25, 32, 29, 47, 66, 42, 70, 50, 45, 62, 48, 61, 49, 60, 58, 67, 54, 33, 38, 63, 46, 53] <-- Page - 53
[26, 75, 74, 37, 69, 65, 80, 52, 64, 24, 51, 43, 30, 22, 68, 55, 34, 56, 40, 44, 35, 39, 57, 31, 59, 71, 36, 28, 25, 32, 29, 47, 66, 42, 70, 50, 45, 62, 48, 61, 49, 60, 58, 67, 54, 33, 38, 63, 46, 53, 41] <-- Page - 41
[26, 75, 74, 37, 69, 65, 80, 52, 64, 24, 51, 43, 30, 22, 68, 55, 34, 56, 40, 44, 35, 39, 57, 31, 59, 71, 36, 28, 25, 32, 29, 47, 66, 42, 70, 50, 45, 62, 48, 61, 49, 58, 67, 54, 33, 38, 63, 46, 53, 41, 60] <-- Page - 60
[26, 75, 74, 37, 69, 65, 80, 52, 64, 24, 51, 43, 30, 22, 68, 55, 34, 56, 40, 44, 35, 39, 57, 31, 59, 71, 36, 28, 25, 32, 29, 47, 66, 42, 70, 50, 45, 62, 48, 61, 49, 58, 67, 54, 33, 38, 63, 53, 41, 60, 46] <-- Page - 46
[26, 75, 74, 37, 69, 65, 80, 52, 24, 51, 43, 30, 22, 68, 55, 34, 56, 40, 44, 35, 39, 57, 31, 59, 71, 36, 28, 25, 32, 29, 47, 66, 42, 70, 50, 45, 62, 48, 61, 49, 58, 67, 54, 33, 38, 63, 53, 41, 60, 46, 64] <-- Page - 64
[26, 75, 74, 37, 69, 65, 80, 52, 24, 51, 43, 30, 22, 68, 55, 34, 56, 40, 35, 39, 57, 31, 59, 71, 36, 28, 25, 32, 29, 47, 66, 42, 70, 50, 45, 62, 48, 61, 49, 58, 67, 54, 33, 38, 63, 53, 41, 60, 46, 64, 44] <-- Page - 44
[26, 75, 74, 37, 69, 65, 80, 52, 24, 51, 43, 30, 22, 68, 55, 34, 56, 40, 35, 39, 57, 31, 59, 71, 36, 28, 25, 32, 29, 47, 66, 42, 70, 50, 45, 62, 48, 49, 58, 67, 54, 33, 38, 63, 53, 41, 60, 46, 64, 44, 61] <-- Page - 61
[26, 75, 74, 37, 69, 65, 80, 52, 24, 51, 43, 30, 22, 68, 55, 34, 40, 35, 39, 57, 31, 59, 71, 36, 28, 25, 32, 29, 47, 66, 42, 70, 50, 45, 62, 48, 49, 58, 67, 54, 33, 38, 63, 53, 41, 60, 46, 64, 44, 61, 56] <-- Page - 56
[26, 75, 74, 37, 69, 65, 80, 52, 24, 51, 43, 30, 22, 68, 55, 34, 40, 35, 39, 57, 31, 59, 71, 36, 28, 25, 32, 29, 47, 66, 70, 50, 45, 62, 48, 49, 58, 67, 54, 33, 38, 63, 53, 41, 60, 46, 64, 44, 61, 56, 42] <-- Page - 42
[26, 75, 74, 37, 69, 65, 80, 52, 24, 51, 43, 30, 22, 68, 55, 34, 40, 35, 39, 57, 31, 59, 71, 36, 28, 25, 32, 29, 47, 66, 70, 50, 45, 62, 48, 49, 58, 67, 54, 33, 38, 63, 53, 41, 46, 64, 44, 61, 56, 42, 60] <-- Page - 60
[26, 75, 74, 37, 69, 65, 80, 52, 24, 51, 43, 30, 22, 68, 55, 34, 35, 39, 57, 31, 59, 71, 36, 28, 25, 32, 29, 47, 66, 70, 50, 45, 62, 48, 49, 58, 67, 54, 33, 38, 63, 53, 41, 46, 64, 44, 61, 56, 42, 60, 40] <-- Page - 40
[26, 75, 74, 37, 69, 65, 80, 52, 24, 51, 43, 30, 22, 68, 55, 34, 35, 39, 57, 31, 59, 71, 36, 28, 25, 32, 29, 47, 66, 70, 50, 45, 62, 48, 49, 58, 67, 54, 33, 38, 63, 53, 46, 64, 44, 61, 56, 42, 60, 40, 41] <-- Page - 41
[26, 75, 74, 37, 69, 65, 80, 52, 24, 51, 43, 30, 22, 68, 55, 34, 35, 39, 31, 59, 71, 36, 28, 25, 32, 29, 47, 66, 70, 50, 45, 62, 48, 49, 58, 67, 54, 33, 38, 63, 53, 46, 64, 44, 61, 56, 42, 60, 40, 41, 57] <-- Page - 57
[26, 75, 74, 37, 69, 65, 80, 52, 24, 51, 30, 22, 68, 55, 34, 35, 39, 31, 59, 71, 36, 28, 25, 32, 29, 47, 66, 70, 50, 45, 62, 48, 49, 58, 67, 54, 33, 38, 63, 53, 46, 64, 44, 61, 56, 42, 60, 40, 41, 57, 43] <-- Page - 43
[26, 75, 74, 37, 69, 65, 80, 52, 24, 51, 30, 22, 68, 55, 34, 35, 39, 31, 59, 71, 36, 28, 25, 32, 29, 47, 66, 70, 50, 45, 62, 48, 49, 58, 67, 54, 33, 38, 63, 53, 46, 64, 61, 56, 42, 60, 40, 41, 57, 43, 44] <-- Page - 44
[26, 75, 74, 37, 69, 65, 80, 52, 24, 51, 30, 22, 68, 55, 34, 35, 39, 31, 59, 71, 36, 28, 25, 32, 29, 47, 66, 70, 50, 45, 62, 48, 49, 58, 67, 54, 33, 38, 63, 53, 64, 61, 56, 42, 60, 40, 41, 57, 43, 44, 46] <-- Page - 46
[26, 75, 74, 37, 69, 65, 80, 52, 24, 51, 30, 22, 68, 55, 34, 35, 31, 59, 71, 36, 28, 25, 32, 29, 47, 66, 70, 50, 45, 62, 48, 49, 58, 67, 54, 33, 38, 63, 53, 64, 61, 56, 42, 60, 40, 41, 57, 43, 44, 46, 39] <-- Page - 39
[26, 75, 74, 37, 69, 65, 80, 52, 24, 51, 30, 22, 68, 55, 34, 35, 31, 59, 71, 36, 28, 25, 32, 29, 47, 66, 70, 50, 45, 62, 48, 49, 58, 67, 54, 33, 38, 63, 53, 64, 61, 56, 42, 40, 41, 57, 43, 44, 46, 39, 60] <-- Page - 60
[26, 75, 74, 37, 69, 65, 80, 52, 24, 51, 30, 22, 68, 55, 34, 35, 31, 59, 71, 36, 28, 25, 32, 29, 47, 66, 70, 50, 45, 62, 48, 49, 58, 67, 54, 33, 38, 63, 53, 64, 61, 42, 40, 41, 57, 43, 44, 46, 39, 60, 56] <-- Page - 56
[26, 75, 74, 37, 69, 65, 80, 52, 24, 51, 30, 22, 68, 55, 34, 35, 31, 59, 71, 36, 28, 25, 32, 29, 47, 66, 70, 50, 45, 62, 48, 58, 67, 54, 33, 38, 63, 53, 64, 61, 42, 40, 41, 57, 43, 44, 46, 39, 60, 56, 49] <-- Page - 49
[26, 75, 74, 37, 69, 65, 80, 52, 24, 51, 30, 22, 68, 55, 34, 35, 31, 59, 71, 36, 28, 25, 32, 29, 47, 66, 70, 50, 45, 62, 58, 67, 54, 33, 38, 63, 53, 64, 61, 42, 40, 41, 57, 43, 44, 46, 39, 60, 56, 49, 48] <-- Page - 48
[26, 75, 74, 37, 69, 65, 80, 52, 24, 51, 30, 22, 68, 55, 34, 35, 31, 59, 71, 36, 28, 25, 32, 29, 47, 66, 70, 50, 45, 62, 58, 67, 33, 38, 63, 53, 64, 61, 42, 40, 41, 57, 43, 44, 46, 39, 60, 56, 49, 48, 54] <-- Page - 54
[26, 75, 74, 37, 69, 65, 80, 52, 24, 51, 30, 22, 68, 55, 34, 35, 31, 59, 71, 36, 28, 25, 32, 29, 47, 66, 70, 50, 45, 62, 58, 33, 38, 63, 53, 64, 61, 42, 40, 41, 57, 43, 44, 46, 39, 60, 56, 49, 48, 54, 67] <-- Page - 67
[26, 75, 74, 37, 69, 65, 80, 52, 24, 51, 30, 22, 68, 55, 34, 35, 31, 59, 71, 36, 28, 25, 32, 29, 47, 66, 70, 50, 45, 62, 33, 38, 63, 53, 64, 61, 42, 40, 41, 57, 43, 44, 46, 39, 60, 56, 49, 48, 54, 67, 58] <-- Page - 58
[26, 75, 74, 37, 69, 65, 80, 52, 24, 51, 30, 22, 68, 55, 34, 35, 31, 59, 71, 36, 28, 25, 32, 29, 47, 66, 70, 50, 45, 62, 33, 38, 63, 53, 64, 61, 42, 40, 41, 57, 43, 46, 39, 60, 56, 49, 48, 54, 67, 58, 44] <-- Page - 44
[26, 75, 74, 37, 69, 65, 80, 52, 24, 51, 30, 22, 68, 55, 34, 35, 31, 59, 71, 36, 28, 25, 32, 29, 47, 66, 70, 50, 45, 62, 33, 38, 63, 53, 64, 61, 42, 40, 41, 43, 46, 39, 60, 56, 49, 48, 54, 67, 58, 44, 57] <-- Page - 57
[26, 75, 74, 37, 69, 65, 80, 52, 24, 51, 30, 22, 68, 55, 34, 35, 31, 59, 71, 36, 28, 25, 32, 29, 47, 66, 70, 50, 45, 62, 33, 38, 63, 53, 64, 61, 42, 40, 41, 43, 46, 39, 60, 56, 49, 54, 67, 58, 44, 57, 48] <-- Page - 48
[26, 75, 74, 37, 69, 65, 80, 52, 24, 51, 30, 22, 68, 55, 34, 35, 31, 59, 71, 36, 28, 25, 32, 29, 47, 66, 70, 50, 45, 62, 33, 38, 63, 53, 64, 61, 42, 40, 41, 43, 46, 39, 60, 56, 49, 54, 67, 58, 44, 57, 48] <-- Page - 48
[26, 75, 74, 37, 69, 65, 80, 52, 24, 51, 30, 22, 55, 34, 35, 31, 59, 71, 36, 28, 25, 32, 29, 47, 66, 70, 50, 45, 62, 33, 38, 63, 53, 64, 61, 42, 40, 41, 43, 46, 39, 60, 56, 49, 54, 67, 58, 44, 57, 48, 68] <-- Page - 68
[26, 75, 74, 37, 69, 65, 80, 52, 24, 51, 30, 22, 55, 34, 35, 31, 59, 71, 36, 28, 25, 32, 29, 47, 66, 70, 50, 62, 33, 38, 63, 53, 64, 61, 42, 40, 41, 43, 46, 39, 60, 56, 49, 54, 67, 58, 44, 57, 48, 68, 45] <-- Page - 45
[26, 75, 74, 37, 69, 65, 80, 52, 24, 51, 30, 22, 55, 34, 35, 31, 59, 71, 36, 28, 25, 32, 29, 47, 66, 70, 50, 62, 33, 38, 63, 53, 64, 61, 42, 40, 41, 43, 46, 39, 60, 56, 49, 54, 67, 58, 44, 57, 48, 68, 45] <-- Page - 45
[26, 75, 74, 37, 69, 65, 80, 52, 24, 51, 22, 55, 34, 35, 31, 59, 71, 36, 28, 25, 32, 29, 47, 66, 70, 50, 62, 33, 38, 63, 53, 64, 61, 42, 40, 41, 43, 46, 39, 60, 56, 49, 54, 67, 58, 44, 57, 48, 68, 45, 30] <-- Page - 30
[26, 75, 74, 37, 69, 65, 80, 52, 24, 51, 22, 55, 34, 31, 59, 71, 36, 28, 25, 32, 29, 47, 66, 70, 50, 62, 33, 38, 63, 53, 64, 61, 42, 40, 41, 43, 46, 39, 60, 56, 49, 54, 67, 58, 44, 57, 48, 68, 45, 30, 35] <-- Page - 35
[26, 75, 74, 37, 69, 65, 80, 52, 24, 51, 22, 55, 34, 31, 59, 71, 36, 28, 25, 32, 29, 47, 66, 70, 50, 62, 33, 38, 63, 53, 64, 61, 42, 40, 41, 43, 46, 39, 60, 56, 49, 67, 58, 44, 57, 48, 68, 45, 30, 35, 54] <-- Page - 54
[26, 75, 74, 37, 69, 65, 80, 52, 24, 51, 22, 55, 34, 31, 59, 71, 36, 28, 25, 32, 29, 47, 66, 70, 50, 62, 33, 38, 63, 53, 64, 61, 42, 40, 41, 46, 39, 60, 56, 49, 67, 58, 44, 57, 48, 68, 45, 30, 35, 54, 43] <-- Page - 43
[26, 75, 74, 37, 69, 65, 80, 52, 24, 51, 22, 34, 31, 59, 71, 36, 28, 25, 32, 29, 47, 66, 70, 50, 62, 33, 38, 63, 53, 64, 61, 42, 40, 41, 46, 39, 60, 56, 49, 67, 58, 44, 57, 48, 68, 45, 30, 35, 54, 43, 55] <-- Page - 55
[26, 75, 74, 37, 69, 65, 80, 52, 24, 51, 22, 34, 31, 59, 71, 36, 28, 25, 32, 29, 47, 66, 70, 50, 62, 33, 63, 53, 64, 61, 42, 40, 41, 46, 39, 60, 56, 49, 67, 58, 44, 57, 48, 68, 45, 30, 35, 54, 43, 55, 38] <-- Page - 38
[26, 75, 74, 37, 69, 65, 80, 52, 24, 51, 22, 34, 31, 59, 71, 36, 28, 25, 32, 29, 47, 66, 70, 50, 62, 33, 63, 53, 64, 61, 40, 41, 46, 39, 60, 56, 49, 67, 58, 44, 57, 48, 68, 45, 30, 35, 54, 43, 55, 38, 42] <-- Page - 42
[26, 75, 74, 37, 69, 65, 80, 52, 24, 51, 22, 34, 31, 59, 71, 36, 28, 25, 32, 29, 47, 66, 70, 50, 62, 33, 63, 53, 64, 61, 40, 41, 46, 39, 60, 49, 67, 58, 44, 57, 48, 68, 45, 30, 35, 54, 43, 55, 38, 42, 56] <-- Page - 56
[26, 75, 74, 37, 69, 65, 80, 52, 24, 51, 22, 34, 31, 59, 71, 36, 28, 25, 32, 29, 47, 66, 70, 50, 62, 33, 63, 53, 61, 40, 41, 46, 39, 60, 49, 67, 58, 44, 57, 48, 68, 45, 30, 35, 54, 43, 55, 38, 42, 56, 64] <-- Page - 64
[26, 75, 74, 37, 69, 65, 80, 52, 24, 51, 22, 34, 31, 59, 71, 36, 28, 25, 32, 29, 47, 66, 70, 50, 62, 33, 63, 53, 61, 40, 41, 46, 39, 60, 49, 67, 58, 44, 57, 48, 68, 45, 30, 35, 54, 43, 38, 42, 56, 64, 55] <-- Page - 55
[26, 75, 74, 37, 69, 65, 80, 52, 24, 51, 22, 34, 31, 59, 71, 36, 28, 25, 32, 29, 47, 66, 70, 50, 62, 33, 63, 53, 40, 41, 46, 39, 60, 49, 67, 58, 44, 57, 48, 68, 45, 30, 35, 54, 43, 38, 42, 56, 64, 55, 61] <-- Page - 61
[26, 75, 74, 37, 69, 65, 80, 52, 24, 51, 22, 34, 31, 59, 71, 36, 28, 25, 32, 29, 47, 66, 70, 50, 62, 33, 63, 53, 40, 41, 46, 39, 60, 49, 58, 44, 57, 48, 68, 45, 30, 35, 54, 43, 38, 42, 56, 64, 55, 61, 67] <-- Page - 67
[26, 75, 74, 37, 69, 65, 80, 52, 24, 51, 22, 34, 31, 59, 71, 36, 28, 25, 32, 29, 47, 66, 70, 50, 62, 33, 63, 53, 40, 41, 46, 39, 49, 58, 44, 57, 48, 68, 45, 30, 35, 54, 43, 38, 42, 56, 64, 55, 61, 67, 60] <-- Page - 60
[26, 75, 74, 37, 69, 65, 80, 52, 24, 51, 22, 34, 31, 59, 71, 36, 28, 25, 32, 29, 47, 66, 70, 50, 62, 33, 63, 53, 41, 46, 39, 49, 58, 44, 57, 48, 68, 45, 30, 35, 54, 43, 38, 42, 56, 64, 55, 61, 67, 60, 40] <-- Page - 40
[26, 75, 74, 37, 69, 65, 80, 52, 24, 51, 22, 34, 31, 59, 71, 36, 28, 25, 32, 29, 47, 66, 70, 50, 62, 33, 63, 53, 41, 46, 39, 49, 58, 44, 57, 68, 45, 30, 35, 54, 43, 38, 42, 56, 64, 55, 61, 67, 60, 40, 48] <-- Page - 48
[26, 75, 74, 37, 69, 65, 80, 52, 24, 51, 22, 34, 31, 59, 71, 36, 28, 25, 32, 29, 47, 66, 70, 50, 62, 33, 63, 53, 41, 46, 39, 49, 58, 44, 57, 68, 45, 30, 35, 54, 43, 38, 42, 64, 55, 61, 67, 60, 40, 48, 56] <-- Page - 56
[26, 75, 74, 37, 69, 65, 80, 52, 24, 51, 22, 34, 31, 59, 71, 36, 28, 25, 32, 29, 47, 66, 70, 50, 62, 33, 63, 53, 41, 46, 39, 49, 58, 44, 57, 68, 30, 35, 54, 43, 38, 42, 64, 55, 61, 67, 60, 40, 48, 56, 45] <-- Page - 45
[26, 75, 74, 37, 69, 65, 80, 52, 24, 51, 22, 34, 31, 59, 71, 36, 28, 25, 32, 29, 47, 66, 70, 50, 62, 33, 63, 53, 41, 46, 39, 49, 58, 44, 57, 68, 30, 35, 43, 38, 42, 64, 55, 61, 67, 60, 40, 48, 56, 45, 54] <-- Page - 54
[26, 75, 74, 37, 69, 65, 80, 52, 24, 51, 22, 31, 59, 71, 36, 28, 25, 32, 29, 47, 66, 70, 50, 62, 33, 63, 53, 41, 46, 39, 49, 58, 44, 57, 68, 30, 35, 43, 38, 42, 64, 55, 61, 67, 60, 40, 48, 56, 45, 54, 34] <-- Page - 34
[26, 75, 74, 37, 69, 65, 80, 52, 24, 51, 22, 31, 59, 71, 36, 28, 25, 32, 29, 47, 66, 70, 50, 62, 33, 63, 53, 46, 39, 49, 58, 44, 57, 68, 30, 35, 43, 38, 42, 64, 55, 61, 67, 60, 40, 48, 56, 45, 54, 34, 41] <-- Page - 41
[26, 75, 74, 37, 69, 65, 80, 52, 24, 51, 22, 31, 59, 71, 36, 28, 25, 32, 29, 47, 66, 70, 50, 62, 33, 63, 53, 46, 39, 49, 58, 44, 57, 68, 30, 35, 43, 38, 42, 64, 61, 67, 60, 40, 48, 56, 45, 54, 34, 41, 55] <-- Page - 55
[26, 75, 74, 37, 69, 65, 80, 52, 24, 51, 22, 31, 59, 71, 36, 28, 25, 32, 29, 47, 66, 70, 50, 62, 33, 63, 53, 46, 39, 49, 58, 44, 57, 68, 30, 35, 43, 38, 42, 64, 61, 67, 60, 40, 48, 56, 45, 54, 34, 41, 55, 27] <-- Page - 27 | Page Fault Here
[26, 75, 74, 37, 69, 65, 80, 52, 24, 51, 22, 31, 59, 71, 36, 28, 25, 32, 29, 47, 66, 70, 50, 62, 33, 63, 53, 46, 39, 49, 58, 44, 57, 68, 30, 35, 43, 42, 64, 61, 67, 60, 40, 48, 56, 45, 54, 34, 41, 55, 27, 38] <-- Page - 38
[26, 75, 74, 37, 69, 65, 80, 52, 24, 51, 22, 31, 59, 71, 36, 28, 25, 32, 29, 47, 66, 70, 50, 62, 33, 63, 53, 46, 39, 58, 44, 57, 68, 30, 35, 43, 42, 64, 61, 67, 60, 40, 48, 56, 45, 54, 34, 41, 55, 27, 38, 49] <-- Page - 49
------------------------------------------------------------
