# seed = 1 mean = 50 standard_deviation = 10 number_of_pages = 250
Capacity of LRU = 62
------------------------------------------------------------
Page Faults = 44
Page Hits = 206
------------------------------------------------------------
[66] <-- Page - 66 | Page Fault Here
[66, 43] <-- Page - 43 | Page Fault Here
[66, 43, 44] <-- Page - 44 | Page Fault Here
[66, 43, 44, 39] <-- Page - 39 | Page Fault Here
[66, 43, 44, 39, 58] <-- Page - 58 | Page Fault Here
[66, 43, 44, 39, 58, 26] <-- Page - 26 | Page Fault Here
[66, 43, 44, 39, 58, 26, 67] <-- Page - 67 | Page Fault Here
[66, 43, 44, 39, 58, 26, 67, 42] <-- Page - 42 | Page Fault Here
[66, 43, 44, 39, 58, 26, 67, 42, 53] <-- Page - 53 | Page Fault Here
[66, 43, 44, 39, 58, 26, 67, 42, 53, 47] <-- Page - 47 | Page Fault Here
[66, 43, 44, 39, 58, 26, 67, 42, 53, 47, 64] <-- Page - 64 | Page Fault Here
[66, 43, 44, 39, 58, 26, 67, 42, 53, 47, 64, 29] <-- Page - 29 | Page Fault Here
[66, 43, 44, 39, 58, 26, 67, 42, 53, 47, 64, 29, 46] <-- Page - 46 | Page Fault Here
[66, 43, 44, 39, 58, 26, 67, 42, 53, 47, 64, 29, 46] <-- Page - 46
[66, 43, 44, 39, 58, 26, 67, 42, 53, 47, 64, 29, 46, 61] <-- Page - 61 | Page Fault Here
[66, 43, 44, 58, 26, 67, 42, 53, 47, 64, 29, 46, 61, 39] <-- Page - 39
[66, 43, 44, 58, 26, 67, 42, 53, 47, 64, 29, 46, 61, 39, 48] <-- Page - 48 | Page Fault Here
[66, 43, 44, 58, 26, 67, 42, 53, 47, 64, 29, 46, 61, 39, 48, 41] <-- Page - 41 | Page Fault Here
[66, 43, 44, 58, 26, 67, 42, 53, 47, 64, 29, 46, 61, 39, 48, 41, 50] <-- Page - 50 | Page Fault Here
[66, 43, 44, 58, 26, 67, 42, 53, 47, 64, 29, 46, 61, 39, 48, 41, 50, 55] <-- Page - 55 | Page Fault Here
[66, 43, 44, 58, 26, 67, 42, 53, 47, 64, 29, 46, 61, 39, 48, 41, 50, 55, 38] <-- Page - 38 | Page Fault Here
[66, 43, 44, 58, 26, 67, 42, 53, 47, 64, 29, 46, 39, 48, 41, 50, 55, 38, 61] <-- Page - 61
[66, 43, 44, 58, 26, 67, 42, 53, 47, 64, 29, 46, 39, 48, 41, 50, 55, 38, 61, 59] <-- Page - 59 | Page Fault Here
[66, 43, 44, 58, 26, 67, 42, 53, 47, 64, 29, 46, 39, 48, 41, 50, 38, 61, 59, 55] <-- Page - 55
[66, 43, 44, 58, 26, 67, 42, 53, 47, 64, 29, 46, 39, 48, 41, 50, 38, 61, 55, 59] <-- Page - 59
[66, 44, 58, 26, 67, 42, 53, 47, 64, 29, 46, 39, 48, 41, 50, 38, 61, 55, 59, 43] <-- Page - 43
[66, 44, 58, 26, 67, 42, 53, 47, 64, 29, 46, 39, 41, 50, 38, 61, 55, 59, 43, 48] <-- Page - 48
[66, 44, 58, 26, 67, 42, 53, 47, 64, 29, 46, 39, 41, 50, 38, 61, 55, 59, 43, 48, 40] <-- Page - 40 | Page Fault Here
[66, 44, 58, 26, 67, 42, 53, 64, 29, 46, 39, 41, 50, 38, 61, 55, 59, 43, 48, 40, 47] <-- Page - 47
[66, 44, 58, 26, 67, 42, 53, 64, 29, 46, 39, 41, 50, 38, 61, 59, 43, 48, 40, 47, 55] <-- Page - 55
[66, 44, 58, 26, 67, 42, 53, 64, 29, 46, 39, 41, 50, 38, 61, 59, 48, 40, 47, 55, 43] <-- Page - 43
[66, 44, 58, 26, 67, 42, 53, 64, 29, 39, 41, 50, 38, 61, 59, 48, 40, 47, 55, 43, 46] <-- Page - 46
[66, 44, 58, 26, 67, 42, 53, 64, 29, 39, 41, 50, 38, 61, 59, 48, 40, 47, 55, 46, 43] <-- Page - 43
[66, 44, 58, 26, 67, 42, 53, 64, 29, 39, 50, 38, 61, 59, 48, 40, 47, 55, 46, 43, 41] <-- Page - 41
[66, 44, 58, 26, 67, 42, 53, 64, 29, 39, 50, 38, 61, 59, 48, 40, 47, 55, 46, 41, 43] <-- Page - 43
[66, 44, 58, 26, 67, 42, 53, 64, 29, 39, 50, 38, 61, 59, 48, 40, 47, 55, 46, 41, 43, 49] <-- Page - 49 | Page Fault Here
[66, 44, 58, 26, 67, 42, 53, 64, 29, 39, 50, 61, 59, 48, 40, 47, 55, 46, 41, 43, 49, 38] <-- Page - 38
[66, 44, 58, 26, 67, 42, 53, 64, 29, 39, 50, 61, 59, 48, 40, 47, 55, 46, 41, 43, 49, 38, 52] <-- Page - 52 | Page Fault Here
[44, 58, 26, 67, 42, 53, 64, 29, 39, 50, 61, 59, 48, 40, 47, 55, 46, 41, 43, 49, 38, 52, 66] <-- Page - 66
[44, 58, 26, 67, 42, 53, 64, 29, 39, 50, 61, 59, 48, 40, 47, 55, 46, 41, 43, 49, 38, 52, 66, 57] <-- Page - 57 | Page Fault Here
[44, 58, 26, 67, 42, 53, 64, 29, 39, 50, 61, 59, 40, 47, 55, 46, 41, 43, 49, 38, 52, 66, 57, 48] <-- Page - 48
[44, 58, 26, 67, 42, 53, 64, 29, 39, 50, 61, 59, 40, 47, 55, 46, 43, 49, 38, 52, 66, 57, 48, 41] <-- Page - 41
[44, 58, 26, 67, 53, 64, 29, 39, 50, 61, 59, 40, 47, 55, 46, 43, 49, 38, 52, 66, 57, 48, 41, 42] <-- Page - 42
[44, 58, 26, 67, 53, 64, 29, 39, 50, 61, 59, 40, 47, 55, 46, 43, 49, 38, 52, 57, 48, 41, 42, 66] <-- Page - 66
[44, 58, 26, 67, 53, 64, 29, 39, 61, 59, 40, 47, 55, 46, 43, 49, 38, 52, 57, 48, 41, 42, 66, 50] <-- Page - 50
[44, 58, 26, 67, 53, 64, 29, 39, 61, 59, 40, 47, 55, 46, 49, 38, 52, 57, 48, 41, 42, 66, 50, 43] <-- Page - 43
[44, 58, 26, 67, 53, 64, 29, 39, 61, 59, 40, 47, 55, 46, 49, 38, 52, 57, 48, 41, 42, 66, 50, 43, 51] <-- Page - 51 | Page Fault Here
[44, 58, 26, 67, 53, 64, 29, 39, 61, 59, 40, 47, 55, 46, 49, 38, 52, 57, 48, 41, 42, 66, 50, 43, 51, 71] <-- Page - 71 | Page Fault Here
[44, 58, 26, 67, 53, 64, 29, 39, 61, 59, 40, 47, 55, 46, 49, 38, 52, 57, 48, 41, 42, 66, 50, 43, 71, 51] <-- Page - 51
[44, 58, 26, 67, 53, 64, 29, 39, 61, 59, 40, 47, 55, 46, 49, 38, 52, 57, 48, 41, 42, 66, 50, 43, 71, 51, 56] <-- Page - 56 | Page Fault Here
[44, 58, 26, 67, 64, 29, 39, 61, 59, 40, 47, 55, 46, 49, 38, 52, 57, 48, 41, 42, 66, 50, 43, 71, 51, 56, 53] <-- Page - 53
[44, 58, 26, 67, 64, 29, 39, 61, 59, 40, 47, 55, 49, 38, 52, 57, 48, 41, 42, 66, 50, 43, 71, 51, 56, 53, 46] <-- Page - 46
[44, 58, 26, 67, 64, 29, 39, 61, 59, 40, 47, 55, 49, 52, 57, 48, 41, 42, 66, 50, 43, 71, 51, 56, 53, 46, 38] <-- Page - 38
[44, 58, 26, 67, 64, 29, 39, 61, 59, 40, 47, 55, 49, 52, 57, 48, 41, 42, 66, 50, 43, 71, 51, 56, 53, 38, 46] <-- Page - 46
[44, 58, 26, 67, 64, 29, 39, 61, 59, 40, 55, 49, 52, 57, 48, 41, 42, 66, 50, 43, 71, 51, 56, 53, 38, 46, 47] <-- Page - 47
[44, 58, 26, 67, 64, 29, 39, 61, 59, 40, 49, 52, 57, 48, 41, 42, 66, 50, 43, 71, 51, 56, 53, 38, 46, 47, 55] <-- Page - 55
[44, 26, 67, 64, 29, 39, 61, 59, 40, 49, 52, 57, 48, 41, 42, 66, 50, 43, 71, 51, 56, 53, 38, 46, 47, 55, 58] <-- Page - 58
[44, 26, 67, 64, 29, 39, 61, 40, 49, 52, 57, 48, 41, 42, 66, 50, 43, 71, 51, 56, 53, 38, 46, 47, 55, 58, 59] <-- Page - 59
[44, 26, 67, 64, 29, 39, 61, 40, 49, 57, 48, 41, 42, 66, 50, 43, 71, 51, 56, 53, 38, 46, 47, 55, 58, 59, 52] <-- Page - 52
[44, 26, 67, 64, 29, 39, 61, 40, 49, 57, 48, 41, 42, 66, 50, 43, 71, 51, 56, 53, 38, 46, 47, 55, 59, 52, 58] <-- Page - 58
[44, 26, 67, 64, 29, 39, 61, 40, 49, 57, 48, 41, 66, 50, 43, 71, 51, 56, 53, 38, 46, 47, 55, 59, 52, 58, 42] <-- Page - 42
[44, 26, 67, 64, 29, 39, 61, 40, 49, 57, 48, 41, 66, 50, 43, 71, 51, 56, 53, 38, 46, 47, 55, 59, 52, 58, 42, 62] <-- Page - 62 | Page Fault Here
[44, 26, 67, 64, 29, 39, 61, 40, 49, 57, 48, 41, 66, 50, 43, 71, 51, 56, 53, 38, 46, 47, 59, 52, 58, 42, 62, 55] <-- Page - 55
[44, 26, 67, 64, 29, 39, 61, 40, 49, 57, 48, 41, 66, 50, 43, 71, 51, 56, 53, 38, 46, 59, 52, 58, 42, 62, 55, 47] <-- Page - 47
[44, 26, 67, 64, 29, 39, 61, 40, 49, 57, 48, 41, 66, 50, 43, 71, 51, 56, 53, 38, 46, 59, 52, 58, 42, 62, 55, 47, 54] <-- Page - 54 | Page Fault Here
[44, 26, 67, 64, 29, 39, 61, 40, 57, 48, 41, 66, 50, 43, 71, 51, 56, 53, 38, 46, 59, 52, 58, 42, 62, 55, 47, 54, 49] <-- Page - 49
[44, 26, 67, 64, 29, 39, 40, 57, 48, 41, 66, 50, 43, 71, 51, 56, 53, 38, 46, 59, 52, 58, 42, 62, 55, 47, 54, 49, 61] <-- Page - 61
[44, 26, 67, 64, 29, 39, 40, 57, 48, 41, 66, 50, 43, 71, 51, 56, 53, 38, 46, 59, 52, 58, 42, 62, 55, 47, 54, 49, 61, 65] <-- Page - 65 | Page Fault Here
[44, 26, 67, 64, 29, 39, 40, 57, 48, 41, 66, 50, 43, 51, 56, 53, 38, 46, 59, 52, 58, 42, 62, 55, 47, 54, 49, 61, 65, 71] <-- Page - 71
[44, 26, 67, 64, 29, 39, 40, 57, 48, 41, 66, 50, 43, 51, 56, 53, 38, 46, 59, 52, 58, 42, 62, 55, 47, 54, 49, 61, 65, 71, 36] <-- Page - 36 | Page Fault Here
[44, 26, 67, 64, 29, 39, 40, 57, 48, 41, 66, 50, 43, 51, 56, 53, 38, 46, 59, 52, 58, 42, 62, 55, 47, 54, 49, 61, 65, 71, 36, 35] <-- Page - 35 | Page Fault Here
[26, 67, 64, 29, 39, 40, 57, 48, 41, 66, 50, 43, 51, 56, 53, 38, 46, 59, 52, 58, 42, 62, 55, 47, 54, 49, 61, 65, 71, 36, 35, 44] <-- Page - 44
[26, 67, 64, 29, 39, 40, 57, 48, 41, 66, 50, 43, 56, 53, 38, 46, 59, 52, 58, 42, 62, 55, 47, 54, 49, 61, 65, 71, 36, 35, 44, 51] <-- Page - 51
[26, 67, 64, 29, 39, 40, 57, 48, 41, 66, 50, 43, 56, 53, 38, 46, 59, 52, 42, 62, 55, 47, 54, 49, 61, 65, 71, 36, 35, 44, 51, 58] <-- Page - 58
[26, 67, 64, 29, 39, 40, 57, 48, 41, 66, 50, 43, 56, 38, 46, 59, 52, 42, 62, 55, 47, 54, 49, 61, 65, 71, 36, 35, 44, 51, 58, 53] <-- Page - 53
[26, 67, 64, 39, 40, 57, 48, 41, 66, 50, 43, 56, 38, 46, 59, 52, 42, 62, 55, 47, 54, 49, 61, 65, 71, 36, 35, 44, 51, 58, 53, 29] <-- Page - 29
[26, 67, 64, 39, 40, 57, 48, 41, 66, 50, 43, 56, 38, 59, 52, 42, 62, 55, 47, 54, 49, 61, 65, 71, 36, 35, 44, 51, 58, 53, 29, 46] <-- Page - 46
[26, 67, 64, 39, 40, 57, 48, 41, 66, 50, 43, 56, 38, 59, 52, 42, 62, 55, 47, 54, 49, 61, 65, 71, 36, 35, 44, 51, 53, 29, 46, 58] <-- Page - 58
[26, 67, 64, 39, 40, 57, 48, 41, 66, 50, 43, 56, 38, 59, 42, 62, 55, 47, 54, 49, 61, 65, 71, 36, 35, 44, 51, 53, 29, 46, 58, 52] <-- Page - 52
[26, 67, 64, 39, 40, 48, 41, 66, 50, 43, 56, 38, 59, 42, 62, 55, 47, 54, 49, 61, 65, 71, 36, 35, 44, 51, 53, 29, 46, 58, 52, 57] <-- Page - 57
[26, 67, 64, 39, 40, 48, 41, 66, 50, 43, 56, 38, 59, 42, 62, 55, 54, 49, 61, 65, 71, 36, 35, 44, 51, 53, 29, 46, 58, 52, 57, 47] <-- Page - 47
[26, 67, 64, 39, 40, 48, 41, 66, 50, 43, 56, 38, 59, 42, 62, 55, 54, 49, 61, 65, 71, 36, 35, 44, 51, 53, 29, 46, 58, 52, 57, 47] <-- Page - 47
[26, 67, 64, 39, 40, 48, 41, 66, 50, 43, 56, 38, 59, 42, 62, 55, 54, 49, 61, 65, 71, 36, 35, 44, 53, 29, 46, 58, 52, 57, 47, 51] <-- Page - 51
[26, 67, 64, 39, 40, 48, 41, 66, 50, 43, 56, 38, 59, 42, 62, 55, 49, 61, 65, 71, 36, 35, 44, 53, 29, 46, 58, 52, 57, 47, 51, 54] <-- Page - 54
[26, 67, 64, 39, 40, 48, 41, 66, 50, 43, 56, 38, 59, 42, 62, 55, 49, 61, 65, 71, 36, 35, 44, 53, 29, 46, 58, 52, 57, 47, 54, 51] <-- Page - 51
[26, 67, 64, 39, 40, 48, 41, 66, 50, 43, 56, 38, 59, 42, 62, 55, 49, 61, 65, 71, 36, 35, 44, 53, 29, 46, 58, 52, 57, 47, 54, 51] <-- Page - 51
[26, 67, 64, 39, 40, 48, 41, 66, 50, 56, 38, 59, 42, 62, 55, 49, 61, 65, 71, 36, 35, 44, 53, 29, 46, 58, 52, 57, 47, 54, 51, 43] <-- Page - 43
[26, 67, 64, 39, 40, 48, 41, 66, 50, 56, 38, 59, 42, 62, 55, 49, 61, 65, 71, 36, 35, 44, 29, 46, 58, 52, 57, 47, 54, 51, 43, 53] <-- Page - 53
[26, 67, 64, 39, 40, 48, 41, 66, 50, 56, 38, 59, 42, 62, 55, 49, 61, 65, 71, 36, 35, 44, 29, 46, 58, 52, 57, 47, 54, 43, 53, 51] <-- Page - 51
[26, 67, 64, 39, 40, 48, 41, 66, 50, 56, 38, 59, 42, 62, 55, 49, 65, 71, 36, 35, 44, 29, 46, 58, 52, 57, 47, 54, 43, 53, 51, 61] <-- Page - 61
[26, 67, 64, 39, 40, 48, 41, 66, 50, 56, 38, 59, 42, 62, 55, 49, 65, 71, 36, 35, 44, 29, 46, 58, 52, 57, 47, 54, 43, 53, 51, 61] <-- Page - 61
[26, 67, 64, 39, 40, 48, 41, 66, 50, 56, 38, 59, 42, 62, 55, 49, 65, 71, 36, 35, 44, 29, 46, 58, 52, 57, 47, 54, 43, 53, 61, 51] <-- Page - 51
[26, 67, 64, 39, 40, 48, 41, 66, 50, 56, 38, 59, 42, 62, 55, 49, 65, 71, 36, 35, 44, 29, 58, 52, 57, 47, 54, 43, 53, 61, 51, 46] <-- Page - 46
[26, 67, 64, 39, 40, 48, 41, 66, 50, 56, 38, 59, 42, 62, 55, 49, 65, 71, 36, 35, 44, 29, 58, 52, 57, 47, 54, 53, 61, 51, 46, 43] <-- Page - 43
[26, 67, 64, 39, 40, 48, 41, 66, 50, 56, 38, 59, 42, 62, 55, 49, 65, 71, 36, 35, 44, 29, 58, 52, 57, 47, 53, 61, 51, 46, 43, 54] <-- Page - 54
[26, 67, 64, 39, 40, 48, 41, 66, 56, 38, 59, 42, 62, 55, 49, 65, 71, 36, 35, 44, 29, 58, 52, 57, 47, 53, 61, 51, 46, 43, 54, 50] <-- Page - 50
[26, 67, 64, 39, 40, 48, 41, 66, 56, 38, 59, 42, 62, 55, 49, 65, 71, 36, 35, 44, 29, 58, 52, 57, 47, 53, 61, 51, 43, 54, 50, 46] <-- Page - 46
[26, 67, 64, 39, 40, 48, 41, 66, 56, 38, 59, 42, 62, 55, 49, 65, 71, 36, 35, 44, 29, 58, 52, 57, 47, 53, 61, 51, 43, 54, 46, 50] <-- Page - 50
[26, 67, 64, 39, 40, 48, 41, 66, 56, 38, 59, 42, 62, 55, 49, 65, 71, 36, 35, 44, 29, 58, 52, 57, 47, 53, 61, 51, 54, 46, 50, 43] <-- Page - 43
[26, 67, 64, 39, 40, 48, 41, 66, 38, 59, 42, 62, 55, 49, 65, 71, 36, 35, 44, 29, 58, 52, 57, 47, 53, 61, 51, 54, 46, 50, 43, 56] <-- Page - 56
[26, 67, 64, 39, 40, 48, 41, 66, 38, 59, 42, 62, 55, 49, 65, 71, 36, 35, 44, 29, 58, 52, 57, 47, 53, 61, 51, 54, 46, 50, 43, 56, 45] <-- Page - 45 | Page Fault Here
[26, 67, 64, 39, 40, 48, 41, 66, 38, 59, 42, 55, 49, 65, 71, 36, 35, 44, 29, 58, 52, 57, 47, 53, 61, 51, 54, 46, 50, 43, 56, 45, 62] <-- Page - 62
[26, 67, 64, 39, 40, 48, 41, 66, 38, 59, 42, 55, 49, 65, 71, 36, 35, 44, 29, 58, 52, 57, 47, 53, 61, 51, 46, 50, 43, 56, 45, 62, 54] <-- Page - 54
[26, 67, 64, 39, 40, 48, 41, 66, 38, 59, 42, 49, 65, 71, 36, 35, 44, 29, 58, 52, 57, 47, 53, 61, 51, 46, 50, 43, 56, 45, 62, 54, 55] <-- Page - 55
[26, 67, 64, 40, 48, 41, 66, 38, 59, 42, 49, 65, 71, 36, 35, 44, 29, 58, 52, 57, 47, 53, 61, 51, 46, 50, 43, 56, 45, 62, 54, 55, 39] <-- Page - 39
[26, 67, 64, 40, 48, 41, 66, 38, 59, 42, 49, 65, 71, 36, 35, 44, 29, 58, 52, 57, 47, 53, 61, 46, 50, 43, 56, 45, 62, 54, 55, 39, 51] <-- Page - 51
[26, 67, 64, 40, 48, 41, 66, 38, 59, 42, 49, 65, 71, 36, 35, 44, 29, 58, 52, 47, 53, 61, 46, 50, 43, 56, 45, 62, 54, 55, 39, 51, 57] <-- Page - 57
[26, 67, 64, 48, 41, 66, 38, 59, 42, 49, 65, 71, 36, 35, 44, 29, 58, 52, 47, 53, 61, 46, 50, 43, 56, 45, 62, 54, 55, 39, 51, 57, 40] <-- Page - 40
[26, 67, 64, 48, 41, 66, 38, 59, 42, 49, 65, 71, 36, 35, 44, 29, 58, 52, 53, 61, 46, 50, 43, 56, 45, 62, 54, 55, 39, 51, 57, 40, 47] <-- Page - 47
[26, 67, 64, 48, 41, 66, 38, 59, 42, 49, 65, 71, 36, 35, 44, 29, 58, 52, 53, 61, 46, 43, 56, 45, 62, 54, 55, 39, 51, 57, 40, 47, 50] <-- Page - 50
[26, 67, 64, 48, 41, 66, 38, 59, 42, 49, 65, 71, 35, 44, 29, 58, 52, 53, 61, 46, 43, 56, 45, 62, 54, 55, 39, 51, 57, 40, 47, 50, 36] <-- Page - 36
[26, 67, 64, 48, 41, 66, 38, 59, 42, 49, 65, 71, 35, 44, 29, 58, 52, 61, 46, 43, 56, 45, 62, 54, 55, 39, 51, 57, 40, 47, 50, 36, 53] <-- Page - 53
[26, 67, 64, 48, 41, 66, 38, 59, 42, 49, 65, 71, 35, 44, 29, 52, 61, 46, 43, 56, 45, 62, 54, 55, 39, 51, 57, 40, 47, 50, 36, 53, 58] <-- Page - 58
[26, 67, 64, 48, 66, 38, 59, 42, 49, 65, 71, 35, 44, 29, 52, 61, 46, 43, 56, 45, 62, 54, 55, 39, 51, 57, 40, 47, 50, 36, 53, 58, 41] <-- Page - 41
[26, 67, 64, 48, 66, 38, 59, 42, 49, 65, 71, 35, 44, 29, 52, 61, 46, 43, 56, 45, 62, 54, 55, 39, 51, 57, 40, 47, 50, 36, 58, 41, 53] <-- Page - 53
[26, 67, 64, 48, 66, 38, 59, 42, 49, 65, 71, 35, 44, 29, 52, 61, 46, 43, 56, 45, 62, 54, 55, 39, 51, 57, 40, 47, 50, 58, 41, 53, 36] <-- Page - 36
[26, 67, 64, 48, 66, 38, 59, 42, 65, 71, 35, 44, 29, 52, 61, 46, 43, 56, 45, 62, 54, 55, 39, 51, 57, 40, 47, 50, 58, 41, 53, 36, 49] <-- Page - 49
[26, 67, 64, 48, 66, 38, 59, 42, 65, 71, 35, 44, 29, 52, 61, 46, 43, 56, 45, 62, 54, 55, 39, 51, 57, 40, 47, 50, 58, 41, 53, 36, 49, 33] <-- Page - 33 | Page Fault Here
[26, 67, 64, 48, 66, 38, 59, 42, 65, 71, 35, 44, 29, 52, 46, 43, 56, 45, 62, 54, 55, 39, 51, 57, 40, 47, 50, 58, 41, 53, 36, 49, 33, 61] <-- Page - 61
[26, 67, 64, 48, 66, 38, 59, 42, 65, 71, 35, 44, 29, 52, 46, 43, 56, 45, 62, 55, 39, 51, 57, 40, 47, 50, 58, 41, 53, 36, 49, 33, 61, 54] <-- Page - 54
[26, 67, 64, 48, 66, 38, 59, 42, 65, 71, 35, 44, 29, 52, 46, 43, 56, 45, 62, 55, 39, 51, 57, 40, 47, 50, 58, 41, 53, 36, 33, 61, 54, 49] <-- Page - 49
[26, 67, 64, 48, 66, 38, 59, 65, 71, 35, 44, 29, 52, 46, 43, 56, 45, 62, 55, 39, 51, 57, 40, 47, 50, 58, 41, 53, 36, 33, 61, 54, 49, 42] <-- Page - 42
[26, 67, 64, 48, 66, 38, 59, 65, 71, 35, 44, 29, 52, 46, 43, 56, 45, 55, 39, 51, 57, 40, 47, 50, 58, 41, 53, 36, 33, 61, 54, 49, 42, 62] <-- Page - 62
[26, 67, 64, 48, 66, 38, 59, 65, 71, 35, 44, 29, 52, 46, 43, 56, 45, 55, 39, 51, 57, 40, 47, 50, 58, 41, 53, 36, 33, 61, 54, 49, 42, 62, 69] <-- Page - 69 | Page Fault Here
[26, 67, 64, 48, 66, 38, 59, 65, 71, 35, 44, 29, 52, 46, 43, 56, 45, 55, 39, 51, 57, 40, 47, 50, 58, 41, 53, 36, 33, 61, 54, 49, 42, 62, 69, 31] <-- Page - 31 | Page Fault Here
[26, 67, 64, 48, 66, 38, 59, 65, 71, 35, 44, 29, 52, 46, 43, 56, 45, 55, 39, 51, 57, 40, 47, 50, 58, 41, 53, 36, 33, 61, 54, 49, 42, 69, 31, 62] <-- Page - 62
[26, 67, 64, 48, 38, 59, 65, 71, 35, 44, 29, 52, 46, 43, 56, 45, 55, 39, 51, 57, 40, 47, 50, 58, 41, 53, 36, 33, 61, 54, 49, 42, 69, 31, 62, 66] <-- Page - 66
[26, 67, 64, 48, 38, 59, 65, 71, 35, 44, 29, 52, 46, 43, 56, 45, 55, 39, 51, 57, 40, 47, 50, 58, 41, 36, 33, 61, 54, 49, 42, 69, 31, 62, 66, 53] <-- Page - 53
[26, 67, 64, 48, 59, 65, 71, 35, 44, 29, 52, 46, 43, 56, 45, 55, 39, 51, 57, 40, 47, 50, 58, 41, 36, 33, 61, 54, 49, 42, 69, 31, 62, 66, 53, 38] <-- Page - 38
[26, 67, 64, 48, 59, 65, 71, 35, 44, 29, 52, 46, 43, 56, 45, 55, 39, 51, 57, 40, 47, 50, 41, 36, 33, 61, 54, 49, 42, 69, 31, 62, 66, 53, 38, 58] <-- Page - 58
[26, 67, 64, 59, 65, 71, 35, 44, 29, 52, 46, 43, 56, 45, 55, 39, 51, 57, 40, 47, 50, 41, 36, 33, 61, 54, 49, 42, 69, 31, 62, 66, 53, 38, 58, 48] <-- Page - 48
[26, 67, 64, 59, 65, 71, 35, 44, 29, 52, 46, 56, 45, 55, 39, 51, 57, 40, 47, 50, 41, 36, 33, 61, 54, 49, 42, 69, 31, 62, 66, 53, 38, 58, 48, 43] <-- Page - 43
[26, 67, 64, 59, 65, 71, 35, 44, 29, 52, 46, 56, 45, 55, 39, 51, 57, 40, 47, 50, 41, 36, 33, 61, 54, 49, 42, 69, 31, 62, 66, 53, 38, 58, 48, 43, 37] <-- Page - 37 | Page Fault Here
[26, 67, 64, 59, 65, 71, 35, 44, 29, 52, 46, 56, 45, 39, 51, 57, 40, 47, 50, 41, 36, 33, 61, 54, 49, 42, 69, 31, 62, 66, 53, 38, 58, 48, 43, 37, 55] <-- Page - 55
[26, 67, 64, 59, 65, 71, 35, 44, 29, 52, 46, 56, 45, 39, 51, 40, 47, 50, 41, 36, 33, 61, 54, 49, 42, 69, 31, 62, 66, 53, 38, 58, 48, 43, 37, 55, 57] <-- Page - 57
[26, 67, 64, 59, 65, 71, 35, 44, 29, 52, 46, 56, 45, 39, 51, 40, 47, 50, 41, 36, 33, 61, 54, 49, 42, 69, 31, 62, 66, 53, 38, 58, 48, 37, 55, 57, 43] <-- Page - 43
[26, 67, 64, 59, 65, 71, 35, 44, 29, 52, 46, 56, 45, 39, 51, 40, 47, 50, 41, 36, 33, 61, 54, 49, 42, 69, 31, 62, 66, 53, 38, 58, 48, 37, 57, 43, 55] <-- Page - 55
[26, 67, 64, 59, 65, 71, 35, 44, 29, 52, 46, 56, 45, 39, 51, 40, 47, 50, 41, 36, 33, 61, 54, 49, 42, 69, 31, 62, 66, 53, 58, 48, 37, 57, 43, 55, 38] <-- Page - 38
[26, 67, 64, 59, 65, 71, 35, 44, 29, 52, 46, 56, 45, 39, 51, 40, 47, 50, 41, 36, 33, 61, 54, 49, 42, 69, 31, 62, 66, 53, 48, 37, 57, 43, 55, 38, 58] <-- Page - 58
[26, 67, 64, 59, 65, 71, 35, 44, 29, 52, 46, 56, 45, 39, 51, 40, 47, 41, 36, 33, 61, 54, 49, 42, 69, 31, 62, 66, 53, 48, 37, 57, 43, 55, 38, 58, 50] <-- Page - 50
[26, 67, 64, 59, 65, 71, 35, 44, 29, 52, 46, 56, 45, 39, 51, 40, 47, 41, 36, 33, 61, 54, 49, 42, 69, 31, 62, 66, 53, 37, 57, 43, 55, 38, 58, 50, 48] <-- Page - 48
[26, 67, 64, 59, 65, 71, 35, 44, 29, 52, 46, 56, 45, 39, 51, 40, 47, 41, 36, 33, 61, 54, 49, 42, 69, 31, 62, 66, 53, 37, 57, 43, 55, 38, 58, 50, 48] <-- Page - 48
[26, 67, 64, 59, 65, 71, 35, 44, 29, 52, 46, 56, 45, 39, 51, 40, 47, 41, 36, 33, 61, 54, 49, 42, 69, 31, 62, 66, 53, 37, 57, 43, 55, 38, 50, 48, 58] <-- Page - 58
[26, 67, 64, 59, 65, 71, 35, 44, 29, 52, 46, 56, 45, 39, 51, 40, 47, 41, 36, 33, 61, 54, 49, 42, 69, 31, 62, 66, 53, 37, 43, 55, 38, 50, 48, 58, 57] <-- Page - 57
[26, 67, 64, 59, 65, 71, 35, 44, 29, 52, 46, 56, 45, 39, 51, 40, 47, 41, 36, 33, 61, 54, 49, 42, 69, 31, 62, 66, 53, 37, 43, 38, 50, 48, 58, 57, 55] <-- Page - 55
[26, 67, 64, 59, 65, 71, 35, 44, 29, 52, 46, 56, 45, 39, 40, 47, 41, 36, 33, 61, 54, 49, 42, 69, 31, 62, 66, 53, 37, 43, 38, 50, 48, 58, 57, 55, 51] <-- Page - 51
[26, 67, 64, 59, 65, 71, 35, 44, 29, 52, 46, 56, 45, 39, 40, 47, 41, 36, 33, 61, 54, 49, 42, 69, 31, 62, 66, 53, 37, 43, 38, 48, 58, 57, 55, 51, 50] <-- Page - 50
[26, 67, 64, 59, 65, 71, 35, 44, 29, 52, 46, 45, 39, 40, 47, 41, 36, 33, 61, 54, 49, 42, 69, 31, 62, 66, 53, 37, 43, 38, 48, 58, 57, 55, 51, 50, 56] <-- Page - 56
[26, 67, 64, 59, 65, 71, 35, 44, 29, 46, 45, 39, 40, 47, 41, 36, 33, 61, 54, 49, 42, 69, 31, 62, 66, 53, 37, 43, 38, 48, 58, 57, 55, 51, 50, 56, 52] <-- Page - 52
[26, 67, 64, 59, 65, 71, 35, 44, 29, 46, 45, 39, 40, 47, 41, 36, 33, 61, 54, 49, 42, 69, 31, 62, 66, 53, 37, 43, 38, 48, 58, 57, 55, 51, 50, 52, 56] <-- Page - 56
[26, 67, 64, 59, 65, 71, 35, 44, 29, 45, 39, 40, 47, 41, 36, 33, 61, 54, 49, 42, 69, 31, 62, 66, 53, 37, 43, 38, 48, 58, 57, 55, 51, 50, 52, 56, 46] <-- Page - 46
[26, 67, 64, 59, 65, 71, 35, 44, 29, 45, 39, 40, 47, 41, 36, 33, 61, 54, 49, 42, 69, 31, 62, 66, 53, 37, 43, 38, 48, 58, 57, 55, 51, 50, 52, 56, 46, 25] <-- Page - 25 | Page Fault Here
[26, 67, 64, 59, 65, 71, 35, 44, 29, 45, 39, 40, 47, 41, 36, 33, 61, 54, 49, 42, 69, 31, 62, 66, 53, 37, 43, 38, 48, 58, 57, 55, 51, 50, 52, 56, 46, 25, 60] <-- Page - 60 | Page Fault Here
[26, 67, 64, 59, 65, 35, 44, 29, 45, 39, 40, 47, 41, 36, 33, 61, 54, 49, 42, 69, 31, 62, 66, 53, 37, 43, 38, 48, 58, 57, 55, 51, 50, 52, 56, 46, 25, 60, 71] <-- Page - 71
[26, 67, 64, 59, 65, 35, 44, 29, 45, 39, 40, 47, 41, 36, 33, 61, 49, 42, 69, 31, 62, 66, 53, 37, 43, 38, 48, 58, 57, 55, 51, 50, 52, 56, 46, 25, 60, 71, 54] <-- Page - 54
[26, 67, 64, 59, 65, 35, 44, 29, 45, 39, 40, 47, 41, 36, 33, 61, 49, 42, 69, 31, 62, 66, 53, 37, 43, 38, 58, 57, 55, 51, 50, 52, 56, 46, 25, 60, 71, 54, 48] <-- Page - 48
[26, 67, 64, 59, 65, 35, 44, 29, 45, 39, 40, 47, 41, 36, 33, 61, 49, 42, 69, 31, 62, 66, 53, 37, 43, 38, 58, 57, 55, 51, 50, 52, 56, 46, 25, 60, 71, 54, 48] <-- Page - 48
[26, 67, 64, 59, 65, 35, 44, 29, 45, 39, 40, 47, 41, 36, 33, 61, 49, 42, 69, 31, 62, 66, 53, 37, 43, 38, 58, 57, 55, 51, 50, 52, 56, 46, 25, 60, 71, 54, 48] <-- Page - 48
[26, 67, 64, 59, 65, 35, 44, 29, 45, 39, 40, 47, 41, 36, 33, 61, 49, 42, 69, 31, 62, 66, 53, 37, 43, 38, 58, 57, 55, 51, 52, 56, 46, 25, 60, 71, 54, 48, 50] <-- Page - 50
[26, 67, 64, 59, 65, 35, 44, 29, 45, 39, 40, 47, 41, 36, 33, 61, 49, 42, 69, 31, 62, 66, 53, 37, 43, 58, 57, 55, 51, 52, 56, 46, 25, 60, 71, 54, 48, 50, 38] <-- Page - 38
[26, 67, 64, 59, 65, 35, 29, 45, 39, 40, 47, 41, 36, 33, 61, 49, 42, 69, 31, 62, 66, 53, 37, 43, 58, 57, 55, 51, 52, 56, 46, 25, 60, 71, 54, 48, 50, 38, 44] <-- Page - 44
[26, 67, 64, 59, 65, 35, 29, 45, 39, 47, 41, 36, 33, 61, 49, 42, 69, 31, 62, 66, 53, 37, 43, 58, 57, 55, 51, 52, 56, 46, 25, 60, 71, 54, 48, 50, 38, 44, 40] <-- Page - 40
[26, 67, 64, 59, 65, 35, 29, 45, 39, 47, 41, 36, 33, 61, 49, 42, 69, 31, 62, 66, 53, 37, 43, 58, 57, 55, 51, 56, 46, 25, 60, 71, 54, 48, 50, 38, 44, 40, 52] <-- Page - 52
[26, 67, 64, 59, 65, 35, 29, 45, 39, 41, 36, 33, 61, 49, 42, 69, 31, 62, 66, 53, 37, 43, 58, 57, 55, 51, 56, 46, 25, 60, 71, 54, 48, 50, 38, 44, 40, 52, 47] <-- Page - 47
[26, 67, 64, 59, 65, 35, 29, 45, 39, 41, 36, 33, 61, 49, 42, 69, 31, 62, 66, 53, 37, 43, 58, 57, 55, 51, 56, 46, 25, 60, 71, 48, 50, 38, 44, 40, 52, 47, 54] <-- Page - 54
[26, 67, 64, 59, 65, 35, 29, 45, 39, 41, 36, 33, 61, 49, 42, 69, 31, 62, 66, 53, 37, 43, 58, 57, 55, 51, 56, 46, 25, 60, 71, 50, 38, 44, 40, 52, 47, 54, 48] <-- Page - 48
[26, 67, 64, 65, 35, 29, 45, 39, 41, 36, 33, 61, 49, 42, 69, 31, 62, 66, 53, 37, 43, 58, 57, 55, 51, 56, 46, 25, 60, 71, 50, 38, 44, 40, 52, 47, 54, 48, 59] <-- Page - 59
[26, 67, 64, 65, 35, 29, 45, 39, 41, 36, 33, 61, 49, 42, 69, 31, 62, 66, 53, 37, 43, 58, 57, 55, 51, 56, 46, 25, 60, 71, 50, 38, 44, 40, 47, 54, 48, 59, 52] <-- Page - 52
[26, 67, 64, 65, 35, 29, 45, 39, 41, 36, 33, 61, 49, 42, 69, 31, 62, 66, 53, 37, 43, 58, 57, 55, 51, 56, 46, 25, 60, 50, 38, 44, 40, 47, 54, 48, 59, 52, 71] <-- Page - 71
[26, 67, 64, 65, 35, 29, 45, 39, 41, 36, 33, 61, 49, 42, 69, 62, 66, 53, 37, 43, 58, 57, 55, 51, 56, 46, 25, 60, 50, 38, 44, 40, 47, 54, 48, 59, 52, 71, 31] <-- Page - 31
[26, 67, 64, 65, 35, 29, 45, 39, 41, 36, 33, 61, 49, 42, 69, 62, 66, 53, 37, 58, 57, 55, 51, 56, 46, 25, 60, 50, 38, 44, 40, 47, 54, 48, 59, 52, 71, 31, 43] <-- Page - 43
[26, 67, 64, 65, 35, 29, 45, 39, 41, 36, 33, 61, 49, 42, 69, 62, 66, 53, 37, 58, 57, 55, 51, 56, 46, 25, 60, 50, 38, 44, 40, 47, 54, 48, 52, 71, 31, 43, 59] <-- Page - 59
[26, 67, 64, 65, 35, 29, 45, 39, 41, 36, 33, 61, 49, 42, 69, 62, 66, 53, 37, 58, 57, 55, 51, 56, 46, 25, 60, 50, 38, 44, 40, 47, 54, 48, 52, 71, 31, 43, 59, 75] <-- Page - 75 | Page Fault Here
[26, 67, 64, 65, 35, 29, 45, 39, 41, 36, 33, 61, 49, 42, 69, 62, 66, 53, 37, 58, 57, 55, 51, 56, 46, 25, 60, 50, 38, 44, 40, 54, 48, 52, 71, 31, 43, 59, 75, 47] <-- Page - 47
[26, 67, 64, 65, 35, 29, 45, 39, 41, 36, 33, 61, 49, 42, 69, 62, 66, 53, 37, 58, 57, 55, 51, 56, 46, 25, 60, 38, 44, 40, 54, 48, 52, 71, 31, 43, 59, 75, 47, 50] <-- Page - 50
[26, 67, 64, 65, 35, 29, 45, 39, 41, 36, 33, 61, 49, 42, 69, 62, 66, 53, 37, 58, 57, 55, 51, 56, 46, 25, 60, 38, 44, 40, 54, 48, 52, 71, 31, 43, 59, 75, 50, 47] <-- Page - 47
[26, 67, 64, 65, 35, 29, 45, 39, 41, 36, 33, 61, 49, 42, 69, 62, 66, 53, 37, 58, 57, 55, 51, 56, 46, 25, 60, 38, 44, 40, 54, 48, 52, 71, 31, 43, 59, 75, 50, 47, 63] <-- Page - 63 | Page Fault Here
[26, 67, 64, 65, 35, 29, 45, 39, 41, 36, 33, 61, 49, 42, 69, 62, 66, 53, 37, 58, 57, 55, 51, 56, 46, 25, 60, 38, 44, 40, 54, 48, 52, 71, 31, 43, 59, 75, 50, 63, 47] <-- Page - 47
[26, 67, 64, 65, 35, 29, 45, 39, 41, 36, 33, 61, 49, 42, 69, 62, 66, 53, 37, 58, 57, 55, 51, 46, 25, 60, 38, 44, 40, 54, 48, 52, 71, 31, 43, 59, 75, 50, 63, 47, 56] <-- Page - 56
[26, 67, 64, 65, 35, 29, 45, 39, 41, 36, 33, 61, 49, 42, 69, 62, 66, 53, 37, 58, 57, 55, 51, 25, 60, 38, 44, 40, 54, 48, 52, 71, 31, 43, 59, 75, 50, 63, 47, 56, 46] <-- Page - 46
[26, 67, 64, 65, 35, 29, 45, 39, 41, 36, 33, 61, 49, 42, 69, 62, 66, 53, 58, 57, 55, 51, 25, 60, 38, 44, 40, 54, 48, 52, 71, 31, 43, 59, 75, 50, 63, 47, 56, 46, 37] <-- Page - 37
[26, 67, 64, 65, 35, 29, 45, 39, 41, 36, 33, 61, 49, 42, 69, 62, 66, 58, 57, 55, 51, 25, 60, 38, 44, 40, 54, 48, 52, 71, 31, 43, 59, 75, 50, 63, 47, 56, 46, 37, 53] <-- Page - 53
[26, 67, 64, 65, 35, 29, 45, 39, 41, 36, 33, 61, 49, 42, 69, 62, 66, 58, 57, 51, 25, 60, 38, 44, 40, 54, 48, 52, 71, 31, 43, 59, 75, 50, 63, 47, 56, 46, 37, 53, 55] <-- Page - 55
[26, 67, 64, 65, 35, 29, 45, 39, 41, 36, 33, 61, 49, 42, 69, 66, 58, 57, 51, 25, 60, 38, 44, 40, 54, 48, 52, 71, 31, 43, 59, 75, 50, 63, 47, 56, 46, 37, 53, 55, 62] <-- Page - 62
[26, 67, 64, 65, 35, 29, 45, 39, 41, 36, 33, 61, 49, 42, 69, 66, 58, 57, 51, 25, 60, 38, 44, 40, 54, 52, 71, 31, 43, 59, 75, 50, 63, 47, 56, 46, 37, 53, 55, 62, 48] <-- Page - 48
[26, 67, 64, 65, 35, 29, 45, 39, 41, 36, 33, 61, 49, 42, 69, 66, 58, 57, 51, 25, 60, 38, 44, 40, 54, 52, 71, 31, 59, 75, 50, 63, 47, 56, 46, 37, 53, 55, 62, 48, 43] <-- Page - 43
[26, 67, 64, 65, 35, 29, 45, 39, 41, 36, 33, 61, 49, 42, 69, 66, 58, 57, 51, 25, 60, 38, 44, 40, 54, 52, 71, 31, 59, 75, 50, 63, 47, 56, 46, 37, 53, 62, 48, 43, 55] <-- Page - 55
[26, 67, 64, 65, 35, 29, 45, 39, 41, 36, 33, 61, 49, 42, 69, 66, 58, 57, 51, 25, 60, 38, 44, 40, 54, 71, 31, 59, 75, 50, 63, 47, 56, 46, 37, 53, 62, 48, 43, 55, 52] <-- Page - 52
[26, 67, 64, 65, 35, 29, 45, 39, 41, 36, 33, 61, 49, 42, 69, 66, 58, 57, 51, 25, 60, 38, 44, 40, 54, 71, 31, 59, 75, 50, 63, 47, 56, 46, 37, 53, 62, 48, 43, 55, 52] <-- Page - 52
[26, 67, 64, 65, 35, 29, 45, 39, 41, 36, 33, 61, 42, 69, 66, 58, 57, 51, 25, 60, 38, 44, 40, 54, 71, 31, 59, 75, 50, 63, 47, 56, 46, 37, 53, 62, 48, 43, 55, 52, 49] <-- Page - 49
[26, 67, 64, 65, 35, 29, 45, 39, 41, 36, 33, 42, 69, 66, 58, 57, 51, 25, 60, 38, 44, 40, 54, 71, 31, 59, 75, 50, 63, 47, 56, 46, 37, 53, 62, 48, 43, 55, 52, 49, 61] <-- Page - 61
[26, 67, 64, 65, 35, 29, 45, 39, 41, 36, 33, 42, 69, 66, 58, 57, 51, 25, 60, 38, 44, 40, 54, 71, 31, 59, 75, 50, 63, 47, 56, 46, 37, 62, 48, 43, 55, 52, 49, 61, 53] <-- Page - 53
[26, 67, 64, 65, 35, 29, 45, 39, 41, 36, 33, 42, 66, 58, 57, 51, 25, 60, 38, 44, 40, 54, 71, 31, 59, 75, 50, 63, 47, 56, 46, 37, 62, 48, 43, 55, 52, 49, 61, 53, 69] <-- Page - 69
[26, 67, 64, 65, 35, 29, 45, 39, 41, 36, 33, 42, 66, 58, 57, 51, 25, 60, 38, 44, 40, 54, 71, 31, 59, 75, 50, 63, 47, 56, 46, 37, 62, 48, 43, 55, 52, 49, 53, 69, 61] <-- Page - 61
[26, 67, 64, 65, 35, 29, 45, 39, 41, 36, 33, 42, 66, 58, 57, 51, 25, 60, 38, 44, 40, 54, 71, 31, 59, 75, 50, 63, 47, 46, 37, 62, 48, 43, 55, 52, 49, 53, 69, 61, 56] <-- Page - 56
[26, 67, 64, 65, 35, 29, 45, 39, 41, 36, 42, 66, 58, 57, 51, 25, 60, 38, 44, 40, 54, 71, 31, 59, 75, 50, 63, 47, 46, 37, 62, 48, 43, 55, 52, 49, 53, 69, 61, 56, 33] <-- Page - 33
[26, 67, 64, 65, 35, 29, 45, 39, 41, 36, 42, 66, 58, 57, 51, 25, 60, 38, 44, 40, 54, 71, 31, 59, 75, 50, 63, 47, 46, 37, 62, 48, 43, 55, 52, 49, 53, 69, 61, 33, 56] <-- Page - 56
[26, 67, 64, 65, 35, 29, 45, 39, 41, 36, 42, 66, 58, 57, 51, 25, 60, 38, 44, 40, 71, 31, 59, 75, 50, 63, 47, 46, 37, 62, 48, 43, 55, 52, 49, 53, 69, 61, 33, 56, 54] <-- Page - 54
[26, 67, 64, 65, 35, 29, 45, 39, 41, 36, 42, 66, 57, 51, 25, 60, 38, 44, 40, 71, 31, 59, 75, 50, 63, 47, 46, 37, 62, 48, 43, 55, 52, 49, 53, 69, 61, 33, 56, 54, 58] <-- Page - 58
[26, 67, 64, 65, 35, 29, 45, 39, 41, 36, 42, 66, 57, 51, 25, 38, 44, 40, 71, 31, 59, 75, 50, 63, 47, 46, 37, 62, 48, 43, 55, 52, 49, 53, 69, 61, 33, 56, 54, 58, 60] <-- Page - 60
[26, 67, 64, 65, 35, 29, 39, 41, 36, 42, 66, 57, 51, 25, 38, 44, 40, 71, 31, 59, 75, 50, 63, 47, 46, 37, 62, 48, 43, 55, 52, 49, 53, 69, 61, 33, 56, 54, 58, 60, 45] <-- Page - 45
[26, 67, 64, 65, 35, 29, 39, 41, 36, 42, 66, 57, 51, 25, 38, 44, 40, 71, 31, 59, 75, 50, 63, 47, 46, 37, 62, 48, 43, 55, 52, 49, 53, 69, 61, 33, 56, 54, 60, 45, 58] <-- Page - 58
[26, 67, 64, 65, 35, 29, 39, 41, 36, 42, 66, 57, 51, 25, 38, 40, 71, 31, 59, 75, 50, 63, 47, 46, 37, 62, 48, 43, 55, 52, 49, 53, 69, 61, 33, 56, 54, 60, 45, 58, 44] <-- Page - 44
[26, 67, 64, 65, 35, 29, 39, 41, 36, 42, 66, 57, 51, 25, 38, 40, 71, 31, 59, 75, 50, 63, 47, 46, 37, 62, 48, 43, 55, 52, 49, 53, 61, 33, 56, 54, 60, 45, 58, 44, 69] <-- Page - 69
[26, 67, 64, 65, 35, 29, 39, 41, 42, 66, 57, 51, 25, 38, 40, 71, 31, 59, 75, 50, 63, 47, 46, 37, 62, 48, 43, 55, 52, 49, 53, 61, 33, 56, 54, 60, 45, 58, 44, 69, 36] <-- Page - 36
[26, 67, 64, 65, 35, 29, 39, 41, 42, 66, 57, 51, 25, 38, 40, 71, 31, 59, 75, 50, 63, 47, 46, 37, 62, 48, 43, 55, 52, 49, 53, 61, 33, 56, 54, 60, 45, 58, 44, 69, 36, 32] <-- Page - 32 | Page Fault Here
[26, 67, 64, 65, 35, 29, 39, 41, 42, 66, 57, 51, 25, 38, 40, 71, 31, 59, 75, 50, 63, 47, 46, 37, 62, 48, 43, 55, 52, 49, 53, 61, 56, 54, 60, 45, 58, 44, 69, 36, 32, 33] <-- Page - 33
[26, 67, 64, 65, 35, 29, 39, 42, 66, 57, 51, 25, 38, 40, 71, 31, 59, 75, 50, 63, 47, 46, 37, 62, 48, 43, 55, 52, 49, 53, 61, 56, 54, 60, 45, 58, 44, 69, 36, 32, 33, 41] <-- Page - 41
[26, 67, 64, 65, 35, 29, 39, 42, 66, 57, 51, 25, 40, 71, 31, 59, 75, 50, 63, 47, 46, 37, 62, 48, 43, 55, 52, 49, 53, 61, 56, 54, 60, 45, 58, 44, 69, 36, 32, 33, 41, 38] <-- Page - 38
[26, 67, 64, 65, 35, 29, 39, 42, 66, 57, 51, 25, 40, 71, 31, 59, 75, 50, 63, 47, 46, 37, 62, 48, 43, 55, 52, 49, 53, 61, 56, 54, 60, 45, 58, 44, 36, 32, 33, 41, 38, 69] <-- Page - 69
[26, 67, 64, 65, 35, 29, 39, 42, 66, 57, 51, 25, 40, 71, 31, 59, 75, 50, 63, 47, 37, 62, 48, 43, 55, 52, 49, 53, 61, 56, 54, 60, 45, 58, 44, 36, 32, 33, 41, 38, 69, 46] <-- Page - 46
[26, 67, 64, 65, 35, 29, 39, 42, 66, 57, 51, 25, 40, 71, 31, 59, 75, 50, 63, 47, 37, 62, 48, 43, 55, 52, 49, 53, 61, 56, 54, 60, 45, 58, 44, 32, 33, 41, 38, 69, 46, 36] <-- Page - 36
[26, 67, 64, 65, 35, 29, 39, 42, 66, 57, 51, 25, 40, 71, 31, 59, 75, 50, 63, 47, 37, 62, 48, 43, 55, 52, 49, 53, 56, 54, 60, 45, 58, 44, 32, 33, 41, 38, 69, 46, 36, 61] <-- Page - 61
[26, 67, 64, 65, 35, 29, 39, 42, 66, 57, 51, 25, 40, 71, 31, 59, 75, 50, 63, 47, 37, 62, 48, 43, 55, 52, 49, 53, 56, 54, 60, 45, 58, 32, 33, 41, 38, 69, 46, 36, 61, 44] <-- Page - 44
[26, 67, 64, 65, 35, 29, 39, 42, 66, 57, 51, 25, 40, 71, 31, 59, 75, 50, 63, 47, 62, 48, 43, 55, 52, 49, 53, 56, 54, 60, 45, 58, 32, 33, 41, 38, 69, 46, 36, 61, 44, 37] <-- Page - 37
[26, 67, 64, 65, 35, 29, 39, 42, 66, 57, 51, 25, 40, 71, 31, 59, 75, 50, 63, 47, 62, 48, 43, 55, 52, 49, 53, 56, 54, 60, 45, 32, 33, 41, 38, 69, 46, 36, 61, 44, 37, 58] <-- Page - 58
[26, 67, 64, 65, 35, 29, 39, 42, 66, 57, 51, 25, 40, 71, 31, 59, 75, 50, 63, 47, 62, 48, 43, 55, 52, 49, 53, 54, 60, 45, 32, 33, 41, 38, 69, 46, 36, 61, 44, 37, 58, 56] <-- Page - 56
[26, 67, 64, 65, 35, 29, 39, 42, 66, 57, 51, 25, 40, 71, 31, 59, 75, 50, 63, 47, 62, 48, 43, 55, 52, 49, 53, 54, 60, 32, 33, 41, 38, 69, 46, 36, 61, 44, 37, 58, 56, 45] <-- Page - 45
[26, 67, 65, 35, 29, 39, 42, 66, 57, 51, 25, 40, 71, 31, 59, 75, 50, 63, 47, 62, 48, 43, 55, 52, 49, 53, 54, 60, 32, 33, 41, 38, 69, 46, 36, 61, 44, 37, 58, 56, 45, 64] <-- Page - 64
[26, 67, 65, 35, 29, 39, 42, 66, 57, 25, 40, 71, 31, 59, 75, 50, 63, 47, 62, 48, 43, 55, 52, 49, 53, 54, 60, 32, 33, 41, 38, 69, 46, 36, 61, 44, 37, 58, 56, 45, 64, 51] <-- Page - 51
[26, 67, 65, 35, 29, 39, 42, 57, 25, 40, 71, 31, 59, 75, 50, 63, 47, 62, 48, 43, 55, 52, 49, 53, 54, 60, 32, 33, 41, 38, 69, 46, 36, 61, 44, 37, 58, 56, 45, 64, 51, 66] <-- Page - 66
[26, 67, 65, 35, 29, 39, 42, 57, 25, 40, 71, 31, 59, 75, 50, 63, 47, 62, 48, 43, 52, 49, 53, 54, 60, 32, 33, 41, 38, 69, 46, 36, 61, 44, 37, 58, 56, 45, 64, 51, 66, 55] <-- Page - 55
[26, 67, 35, 29, 39, 42, 57, 25, 40, 71, 31, 59, 75, 50, 63, 47, 62, 48, 43, 52, 49, 53, 54, 60, 32, 33, 41, 38, 69, 46, 36, 61, 44, 37, 58, 56, 45, 64, 51, 66, 55, 65] <-- Page - 65
[26, 67, 35, 29, 39, 42, 57, 25, 40, 71, 31, 59, 75, 50, 63, 47, 62, 48, 43, 52, 49, 53, 54, 60, 32, 33, 41, 38, 69, 46, 36, 61, 44, 37, 58, 56, 45, 64, 66, 55, 65, 51] <-- Page - 51
[26, 67, 35, 29, 39, 42, 57, 25, 40, 71, 31, 59, 75, 50, 63, 47, 62, 48, 43, 52, 49, 53, 54, 60, 32, 33, 41, 38, 69, 46, 36, 61, 44, 58, 56, 45, 64, 66, 55, 65, 51, 37] <-- Page - 37
[26, 67, 35, 29, 39, 42, 57, 25, 40, 71, 31, 59, 75, 50, 63, 47, 62, 48, 43, 52, 49, 53, 54, 60, 32, 33, 41, 38, 69, 46, 36, 61, 44, 58, 56, 45, 64, 66, 55, 65, 51, 37, 74] <-- Page - 74 | Page Fault Here
[26, 67, 35, 29, 39, 42, 57, 25, 40, 71, 31, 59, 75, 50, 63, 47, 62, 48, 43, 52, 49, 53, 54, 60, 32, 33, 41, 38, 69, 46, 36, 61, 58, 56, 45, 64, 66, 55, 65, 51, 37, 74, 44] <-- Page - 44
[26, 67, 35, 29, 39, 42, 57, 25, 40, 71, 31, 59, 75, 50, 63, 47, 62, 43, 52, 49, 53, 54, 60, 32, 33, 41, 38, 69, 46, 36, 61, 58, 56, 45, 64, 66, 55, 65, 51, 37, 74, 44, 48] <-- Page - 48
[26, 67, 35, 29, 39, 57, 25, 40, 71, 31, 59, 75, 50, 63, 47, 62, 43, 52, 49, 53, 54, 60, 32, 33, 41, 38, 69, 46, 36, 61, 58, 56, 45, 64, 66, 55, 65, 51, 37, 74, 44, 48, 42] <-- Page - 42
[26, 67, 35, 29, 39, 57, 25, 40, 71, 31, 59, 75, 50, 63, 62, 43, 52, 49, 53, 54, 60, 32, 33, 41, 38, 69, 46, 36, 61, 58, 56, 45, 64, 66, 55, 65, 51, 37, 74, 44, 48, 42, 47] <-- Page - 47
[26, 67, 35, 29, 39, 57, 25, 40, 71, 31, 59, 75, 50, 63, 62, 43, 49, 53, 54, 60, 32, 33, 41, 38, 69, 46, 36, 61, 58, 56, 45, 64, 66, 55, 65, 51, 37, 74, 44, 48, 42, 47, 52] <-- Page - 52
[26, 67, 35, 29, 39, 57, 25, 40, 71, 31, 59, 75, 50, 63, 62, 43, 49, 53, 54, 60, 32, 33, 41, 38, 69, 46, 36, 61, 58, 56, 45, 64, 66, 55, 65, 51, 37, 74, 44, 48, 42, 47, 52] <-- Page - 52
[26, 67, 35, 29, 39, 57, 25, 40, 71, 31, 59, 75, 50, 63, 62, 43, 49, 53, 54, 60, 32, 33, 41, 38, 69, 46, 36, 61, 58, 45, 64, 66, 55, 65, 51, 37, 74, 44, 48, 42, 47, 52, 56] <-- Page - 56
[26, 35, 29, 39, 57, 25, 40, 71, 31, 59, 75, 50, 63, 62, 43, 49, 53, 54, 60, 32, 33, 41, 38, 69, 46, 36, 61, 58, 45, 64, 66, 55, 65, 51, 37, 74, 44, 48, 42, 47, 52, 56, 67] <-- Page - 67
[26, 35, 29, 39, 57, 25, 40, 71, 31, 59, 75, 50, 63, 62, 43, 49, 53, 54, 60, 32, 33, 41, 38, 69, 46, 36, 61, 58, 45, 64, 66, 55, 65, 51, 37, 74, 44, 42, 47, 52, 56, 67, 48] <-- Page - 48
[26, 35, 29, 39, 57, 25, 40, 71, 31, 59, 75, 50, 63, 62, 43, 49, 53, 54, 60, 32, 33, 41, 38, 69, 46, 36, 61, 58, 45, 64, 66, 55, 65, 51, 74, 44, 42, 47, 52, 56, 67, 48, 37] <-- Page - 37
[26, 35, 29, 39, 57, 25, 40, 71, 31, 59, 75, 50, 63, 62, 43, 49, 53, 54, 60, 32, 33, 41, 69, 46, 36, 61, 58, 45, 64, 66, 55, 65, 51, 74, 44, 42, 47, 52, 56, 67, 48, 37, 38] <-- Page - 38
[26, 35, 29, 39, 57, 25, 40, 71, 31, 59, 75, 50, 63, 62, 49, 53, 54, 60, 32, 33, 41, 69, 46, 36, 61, 58, 45, 64, 66, 55, 65, 51, 74, 44, 42, 47, 52, 56, 67, 48, 37, 38, 43] <-- Page - 43
[26, 35, 29, 39, 57, 25, 40, 71, 31, 59, 75, 50, 63, 62, 49, 53, 54, 60, 32, 41, 69, 46, 36, 61, 58, 45, 64, 66, 55, 65, 51, 74, 44, 42, 47, 52, 56, 67, 48, 37, 38, 43, 33] <-- Page - 33
[26, 35, 29, 39, 57, 25, 40, 71, 31, 59, 75, 50, 63, 62, 49, 53, 54, 60, 32, 41, 69, 46, 36, 61, 45, 64, 66, 55, 65, 51, 74, 44, 42, 47, 52, 56, 67, 48, 37, 38, 43, 33, 58] <-- Page - 58
[26, 35, 29, 39, 57, 25, 40, 71, 31, 59, 75, 50, 63, 62, 49, 53, 54, 60, 32, 41, 69, 46, 36, 61, 64, 66, 55, 65, 51, 74, 44, 42, 47, 52, 56, 67, 48, 37, 38, 43, 33, 58, 45] <-- Page - 45
[26, 35, 29, 39, 57, 25, 40, 71, 31, 59, 75, 50, 63, 62, 49, 53, 54, 60, 32, 41, 69, 36, 61, 64, 66, 55, 65, 51, 74, 44, 42, 47, 52, 56, 67, 48, 37, 38, 43, 33, 58, 45, 46] <-- Page - 46
[26, 35, 29, 39, 57, 25, 40, 71, 31, 59, 75, 50, 63, 62, 53, 54, 60, 32, 41, 69, 36, 61, 64, 66, 55, 65, 51, 74, 44, 42, 47, 52, 56, 67, 48, 37, 38, 43, 33, 58, 45, 46, 49] <-- Page - 49
[26, 35, 29, 39, 57, 25, 40, 71, 31, 59, 75, 50, 63, 62, 53, 54, 60, 32, 41, 69, 61, 64, 66, 55, 65, 51, 74, 44, 42, 47, 52, 56, 67, 48, 37, 38, 43, 33, 58, 45, 46, 49, 36] <-- Page - 36
[26, 35, 29, 39, 57, 25, 40, 71, 31, 59, 75, 50, 63, 62, 53, 54, 60, 32, 69, 61, 64, 66, 55, 65, 51, 74, 44, 42, 47, 52, 56, 67, 48, 37, 38, 43, 33, 58, 45, 46, 49, 36, 41] <-- Page - 41
[26, 35, 29, 39, 57, 25, 40, 71, 31, 59, 75, 50, 63, 62, 53, 54, 60, 32, 69, 61, 64, 66, 55, 65, 51, 74, 44, 42, 47, 52, 67, 48, 37, 38, 43, 33, 58, 45, 46, 49, 36, 41, 56] <-- Page - 56
[26, 35, 29, 39, 57, 25, 40, 71, 31, 59, 75, 50, 63, 62, 53, 54, 60, 32, 69, 61, 64, 66, 55, 65, 51, 74, 44, 42, 47, 52, 67, 48, 37, 38, 43, 33, 58, 45, 46, 49, 36, 41, 56] <-- Page - 56
[26, 35, 29, 39, 57, 25, 40, 71, 31, 59, 75, 50, 63, 62, 53, 54, 60, 32, 69, 61, 64, 66, 55, 65, 51, 74, 44, 42, 47, 52, 67, 48, 37, 38, 43, 33, 58, 46, 49, 36, 41, 56, 45] <-- Page - 45
[26, 35, 29, 39, 57, 25, 40, 71, 31, 59, 75, 50, 63, 62, 53, 54, 60, 32, 69, 61, 64, 66, 55, 65, 51, 74, 44, 42, 47, 52, 67, 48, 37, 38, 43, 33, 58, 46, 49, 36, 41, 56, 45, 68] <-- Page - 68 | Page Fault Here
[26, 35, 29, 39, 57, 25, 40, 71, 31, 59, 75, 50, 63, 62, 53, 54, 60, 32, 69, 61, 64, 66, 55, 65, 51, 74, 44, 42, 47, 52, 67, 48, 37, 38, 43, 33, 58, 46, 49, 41, 56, 45, 68, 36] <-- Page - 36
------------------------------------------------------------
