# seed = 1 mean = 50 standard_deviation = 10 number_of_pages = 100
Capacity of LSU = 150
------------------------------------------------------------
Page Faults = 32
Page Hits = 68
------------------------------------------------------------
[66] <-- Page - 66 | Page Fault Here
[66, 43] <-- Page - 43 | Page Fault Here
[66, 43, 44] <-- Page - 44 | Page Fault Here
[66, 43, 44, 39] <-- Page - 39 | Page Fault Here
[66, 43, 44, 39, 58] <-- Page - 58 | Page Fault Here
[66, 43, 44, 39, 58, 26] <-- Page - 26 | Page Fault Here
[66, 43, 44, 39, 58, 26, 67] <-- Page - 67 | Page Fault Here
[66, 43, 44, 39, 58, 26, 67, 42] <-- Page - 42 | Page Fault Here
[66, 43, 44, 39, 58, 26, 67, 42, 53] <-- Page - 53 | Page Fault Here
[66, 43, 44, 39, 58, 26, 67, 42, 53, 47] <-- Page - 47 | Page Fault Here
[66, 43, 44, 39, 58, 26, 67, 42, 53, 47, 64] <-- Page - 64 | Page Fault Here
[66, 43, 44, 39, 58, 26, 67, 42, 53, 47, 64, 29] <-- Page - 29 | Page Fault Here
[66, 43, 44, 39, 58, 26, 67, 42, 53, 47, 64, 29, 46] <-- Page - 46 | Page Fault Here
[66, 43, 44, 39, 58, 26, 67, 42, 53, 47, 64, 29, 46] <-- Page - 46
[66, 43, 44, 39, 58, 26, 67, 42, 53, 47, 64, 29, 46, 61] <-- Page - 61 | Page Fault Here
[66, 43, 44, 39, 58, 26, 67, 42, 53, 47, 64, 29, 46, 61] <-- Page - 39
[66, 43, 44, 39, 58, 26, 67, 42, 53, 47, 64, 29, 46, 61, 48] <-- Page - 48 | Page Fault Here
[66, 43, 44, 39, 58, 26, 67, 42, 53, 47, 64, 29, 46, 61, 48, 41] <-- Page - 41 | Page Fault Here
[66, 43, 44, 39, 58, 26, 67, 42, 53, 47, 64, 29, 46, 61, 48, 41, 50] <-- Page - 50 | Page Fault Here
[66, 43, 44, 39, 58, 26, 67, 42, 53, 47, 64, 29, 46, 61, 48, 41, 50, 55] <-- Page - 55 | Page Fault Here
[66, 43, 44, 39, 58, 26, 67, 42, 53, 47, 64, 29, 46, 61, 48, 41, 50, 55, 38] <-- Page - 38 | Page Fault Here
[66, 43, 44, 39, 58, 26, 67, 42, 53, 47, 64, 29, 46, 61, 48, 41, 50, 55, 38] <-- Page - 61
[66, 43, 44, 39, 58, 26, 67, 42, 53, 47, 64, 29, 46, 61, 48, 41, 50, 55, 38, 59] <-- Page - 59 | Page Fault Here
[66, 43, 44, 39, 58, 26, 67, 42, 53, 47, 64, 29, 46, 61, 48, 41, 50, 55, 38, 59] <-- Page - 55
[66, 43, 44, 39, 58, 26, 67, 42, 53, 47, 64, 29, 46, 61, 48, 41, 50, 55, 38, 59] <-- Page - 59
[66, 43, 44, 39, 58, 26, 67, 42, 53, 47, 64, 29, 46, 61, 48, 41, 50, 55, 38, 59] <-- Page - 43
[66, 43, 44, 39, 58, 26, 67, 42, 53, 47, 64, 29, 46, 61, 48, 41, 50, 55, 38, 59] <-- Page - 48
[66, 43, 44, 39, 58, 26, 67, 42, 53, 47, 64, 29, 46, 61, 48, 41, 50, 55, 38, 59, 40] <-- Page - 40 | Page Fault Here
[66, 43, 44, 39, 58, 26, 67, 42, 53, 47, 64, 29, 46, 61, 48, 41, 50, 55, 38, 59, 40] <-- Page - 47
[66, 43, 44, 39, 58, 26, 67, 42, 53, 47, 64, 29, 46, 61, 48, 41, 50, 55, 38, 59, 40] <-- Page - 55
[66, 43, 44, 39, 58, 26, 67, 42, 53, 47, 64, 29, 46, 61, 48, 41, 50, 55, 38, 59, 40] <-- Page - 43
[66, 43, 44, 39, 58, 26, 67, 42, 53, 47, 64, 29, 46, 61, 48, 41, 50, 55, 38, 59, 40] <-- Page - 46
[66, 43, 44, 39, 58, 26, 67, 42, 53, 47, 64, 29, 46, 61, 48, 41, 50, 55, 38, 59, 40] <-- Page - 43
[66, 43, 44, 39, 58, 26, 67, 42, 53, 47, 64, 29, 46, 61, 48, 41, 50, 55, 38, 59, 40] <-- Page - 41
[66, 43, 44, 39, 58, 26, 67, 42, 53, 47, 64, 29, 46, 61, 48, 41, 50, 55, 38, 59, 40] <-- Page - 43
[66, 43, 44, 39, 58, 26, 67, 42, 53, 47, 64, 29, 46, 61, 48, 41, 50, 55, 38, 59, 40, 49] <-- Page - 49 | Page Fault Here
[66, 43, 44, 39, 58, 26, 67, 42, 53, 47, 64, 29, 46, 61, 48, 41, 50, 55, 38, 59, 40, 49] <-- Page - 38
[66, 43, 44, 39, 58, 26, 67, 42, 53, 47, 64, 29, 46, 61, 48, 41, 50, 55, 38, 59, 40, 49, 52] <-- Page - 52 | Page Fault Here
[66, 43, 44, 39, 58, 26, 67, 42, 53, 47, 64, 29, 46, 61, 48, 41, 50, 55, 38, 59, 40, 49, 52] <-- Page - 66
[66, 43, 44, 39, 58, 26, 67, 42, 53, 47, 64, 29, 46, 61, 48, 41, 50, 55, 38, 59, 40, 49, 52, 57] <-- Page - 57 | Page Fault Here
[66, 43, 44, 39, 58, 26, 67, 42, 53, 47, 64, 29, 46, 61, 48, 41, 50, 55, 38, 59, 40, 49, 52, 57] <-- Page - 48
[66, 43, 44, 39, 58, 26, 67, 42, 53, 47, 64, 29, 46, 61, 48, 41, 50, 55, 38, 59, 40, 49, 52, 57] <-- Page - 41
[66, 43, 44, 39, 58, 26, 67, 42, 53, 47, 64, 29, 46, 61, 48, 41, 50, 55, 38, 59, 40, 49, 52, 57] <-- Page - 42
[66, 43, 44, 39, 58, 26, 67, 42, 53, 47, 64, 29, 46, 61, 48, 41, 50, 55, 38, 59, 40, 49, 52, 57] <-- Page - 66
[66, 43, 44, 39, 58, 26, 67, 42, 53, 47, 64, 29, 46, 61, 48, 41, 50, 55, 38, 59, 40, 49, 52, 57] <-- Page - 50
[66, 43, 44, 39, 58, 26, 67, 42, 53, 47, 64, 29, 46, 61, 48, 41, 50, 55, 38, 59, 40, 49, 52, 57] <-- Page - 43
[66, 43, 44, 39, 58, 26, 67, 42, 53, 47, 64, 29, 46, 61, 48, 41, 50, 55, 38, 59, 40, 49, 52, 57, 51] <-- Page - 51 | Page Fault Here
[66, 43, 44, 39, 58, 26, 67, 42, 53, 47, 64, 29, 46, 61, 48, 41, 50, 55, 38, 59, 40, 49, 52, 57, 51, 71] <-- Page - 71 | Page Fault Here
[66, 43, 44, 39, 58, 26, 67, 42, 53, 47, 64, 29, 46, 61, 48, 41, 50, 55, 38, 59, 40, 49, 52, 57, 51, 71] <-- Page - 51
[66, 43, 44, 39, 58, 26, 67, 42, 53, 47, 64, 29, 46, 61, 48, 41, 50, 55, 38, 59, 40, 49, 52, 57, 51, 71, 56] <-- Page - 56 | Page Fault Here
[66, 43, 44, 39, 58, 26, 67, 42, 53, 47, 64, 29, 46, 61, 48, 41, 50, 55, 38, 59, 40, 49, 52, 57, 51, 71, 56] <-- Page - 53
[66, 43, 44, 39, 58, 26, 67, 42, 53, 47, 64, 29, 46, 61, 48, 41, 50, 55, 38, 59, 40, 49, 52, 57, 51, 71, 56] <-- Page - 46
[66, 43, 44, 39, 58, 26, 67, 42, 53, 47, 64, 29, 46, 61, 48, 41, 50, 55, 38, 59, 40, 49, 52, 57, 51, 71, 56] <-- Page - 38
[66, 43, 44, 39, 58, 26, 67, 42, 53, 47, 64, 29, 46, 61, 48, 41, 50, 55, 38, 59, 40, 49, 52, 57, 51, 71, 56] <-- Page - 46
[66, 43, 44, 39, 58, 26, 67, 42, 53, 47, 64, 29, 46, 61, 48, 41, 50, 55, 38, 59, 40, 49, 52, 57, 51, 71, 56] <-- Page - 47
[66, 43, 44, 39, 58, 26, 67, 42, 53, 47, 64, 29, 46, 61, 48, 41, 50, 55, 38, 59, 40, 49, 52, 57, 51, 71, 56] <-- Page - 55
[66, 43, 44, 39, 58, 26, 67, 42, 53, 47, 64, 29, 46, 61, 48, 41, 50, 55, 38, 59, 40, 49, 52, 57, 51, 71, 56] <-- Page - 58
[66, 43, 44, 39, 58, 26, 67, 42, 53, 47, 64, 29, 46, 61, 48, 41, 50, 55, 38, 59, 40, 49, 52, 57, 51, 71, 56] <-- Page - 59
[66, 43, 44, 39, 58, 26, 67, 42, 53, 47, 64, 29, 46, 61, 48, 41, 50, 55, 38, 59, 40, 49, 52, 57, 51, 71, 56] <-- Page - 52
[66, 43, 44, 39, 58, 26, 67, 42, 53, 47, 64, 29, 46, 61, 48, 41, 50, 55, 38, 59, 40, 49, 52, 57, 51, 71, 56] <-- Page - 58
[66, 43, 44, 39, 58, 26, 67, 42, 53, 47, 64, 29, 46, 61, 48, 41, 50, 55, 38, 59, 40, 49, 52, 57, 51, 71, 56] <-- Page - 42
[66, 43, 44, 39, 58, 26, 67, 42, 53, 47, 64, 29, 46, 61, 48, 41, 50, 55, 38, 59, 40, 49, 52, 57, 51, 71, 56, 62] <-- Page - 62 | Page Fault Here
[66, 43, 44, 39, 58, 26, 67, 42, 53, 47, 64, 29, 46, 61, 48, 41, 50, 55, 38, 59, 40, 49, 52, 57, 51, 71, 56, 62] <-- Page - 55
[66, 43, 44, 39, 58, 26, 67, 42, 53, 47, 64, 29, 46, 61, 48, 41, 50, 55, 38, 59, 40, 49, 52, 57, 51, 71, 56, 62] <-- Page - 47
[66, 43, 44, 39, 58, 26, 67, 42, 53, 47, 64, 29, 46, 61, 48, 41, 50, 55, 38, 59, 40, 49, 52, 57, 51, 71, 56, 62, 54] <-- Page - 54 | Page Fault Here
[66, 43, 44, 39, 58, 26, 67, 42, 53, 47, 64, 29, 46, 61, 48, 41, 50, 55, 38, 59, 40, 49, 52, 57, 51, 71, 56, 62, 54] <-- Page - 49
[66, 43, 44, 39, 58, 26, 67, 42, 53, 47, 64, 29, 46, 61, 48, 41, 50, 55, 38, 59, 40, 49, 52, 57, 51, 71, 56, 62, 54] <-- Page - 61
[66, 43, 44, 39, 58, 26, 67, 42, 53, 47, 64, 29, 46, 61, 48, 41, 50, 55, 38, 59, 40, 49, 52, 57, 51, 71, 56, 62, 54, 65] <-- Page - 65 | Page Fault Here
[66, 43, 44, 39, 58, 26, 67, 42, 53, 47, 64, 29, 46, 61, 48, 41, 50, 55, 38, 59, 40, 49, 52, 57, 51, 71, 56, 62, 54, 65] <-- Page - 71
[66, 43, 44, 39, 58, 26, 67, 42, 53, 47, 64, 29, 46, 61, 48, 41, 50, 55, 38, 59, 40, 49, 52, 57, 51, 71, 56, 62, 54, 65, 36] <-- Page - 36 | Page Fault Here
[66, 43, 44, 39, 58, 26, 67, 42, 53, 47, 64, 29, 46, 61, 48, 41, 50, 55, 38, 59, 40, 49, 52, 57, 51, 71, 56, 62, 54, 65, 36, 35] <-- Page - 35 | Page Fault Here
[66, 43, 44, 39, 58, 26, 67, 42, 53, 47, 64, 29, 46, 61, 48, 41, 50, 55, 38, 59, 40, 49, 52, 57, 51, 71, 56, 62, 54, 65, 36, 35] <-- Page - 44
[66, 43, 44, 39, 58, 26, 67, 42, 53, 47, 64, 29, 46, 61, 48, 41, 50, 55, 38, 59, 40, 49, 52, 57, 51, 71, 56, 62, 54, 65, 36, 35] <-- Page - 51
[66, 43, 44, 39, 58, 26, 67, 42, 53, 47, 64, 29, 46, 61, 48, 41, 50, 55, 38, 59, 40, 49, 52, 57, 51, 71, 56, 62, 54, 65, 36, 35] <-- Page - 58
[66, 43, 44, 39, 58, 26, 67, 42, 53, 47, 64, 29, 46, 61, 48, 41, 50, 55, 38, 59, 40, 49, 52, 57, 51, 71, 56, 62, 54, 65, 36, 35] <-- Page - 53
[66, 43, 44, 39, 58, 26, 67, 42, 53, 47, 64, 29, 46, 61, 48, 41, 50, 55, 38, 59, 40, 49, 52, 57, 51, 71, 56, 62, 54, 65, 36, 35] <-- Page - 29
[66, 43, 44, 39, 58, 26, 67, 42, 53, 47, 64, 29, 46, 61, 48, 41, 50, 55, 38, 59, 40, 49, 52, 57, 51, 71, 56, 62, 54, 65, 36, 35] <-- Page - 46
[66, 43, 44, 39, 58, 26, 67, 42, 53, 47, 64, 29, 46, 61, 48, 41, 50, 55, 38, 59, 40, 49, 52, 57, 51, 71, 56, 62, 54, 65, 36, 35] <-- Page - 58
[66, 43, 44, 39, 58, 26, 67, 42, 53, 47, 64, 29, 46, 61, 48, 41, 50, 55, 38, 59, 40, 49, 52, 57, 51, 71, 56, 62, 54, 65, 36, 35] <-- Page - 52
[66, 43, 44, 39, 58, 26, 67, 42, 53, 47, 64, 29, 46, 61, 48, 41, 50, 55, 38, 59, 40, 49, 52, 57, 51, 71, 56, 62, 54, 65, 36, 35] <-- Page - 57
[66, 43, 44, 39, 58, 26, 67, 42, 53, 47, 64, 29, 46, 61, 48, 41, 50, 55, 38, 59, 40, 49, 52, 57, 51, 71, 56, 62, 54, 65, 36, 35] <-- Page - 47
[66, 43, 44, 39, 58, 26, 67, 42, 53, 47, 64, 29, 46, 61, 48, 41, 50, 55, 38, 59, 40, 49, 52, 57, 51, 71, 56, 62, 54, 65, 36, 35] <-- Page - 47
[66, 43, 44, 39, 58, 26, 67, 42, 53, 47, 64, 29, 46, 61, 48, 41, 50, 55, 38, 59, 40, 49, 52, 57, 51, 71, 56, 62, 54, 65, 36, 35] <-- Page - 51
[66, 43, 44, 39, 58, 26, 67, 42, 53, 47, 64, 29, 46, 61, 48, 41, 50, 55, 38, 59, 40, 49, 52, 57, 51, 71, 56, 62, 54, 65, 36, 35] <-- Page - 54
[66, 43, 44, 39, 58, 26, 67, 42, 53, 47, 64, 29, 46, 61, 48, 41, 50, 55, 38, 59, 40, 49, 52, 57, 51, 71, 56, 62, 54, 65, 36, 35] <-- Page - 51
[66, 43, 44, 39, 58, 26, 67, 42, 53, 47, 64, 29, 46, 61, 48, 41, 50, 55, 38, 59, 40, 49, 52, 57, 51, 71, 56, 62, 54, 65, 36, 35] <-- Page - 51
[66, 43, 44, 39, 58, 26, 67, 42, 53, 47, 64, 29, 46, 61, 48, 41, 50, 55, 38, 59, 40, 49, 52, 57, 51, 71, 56, 62, 54, 65, 36, 35] <-- Page - 43
[66, 43, 44, 39, 58, 26, 67, 42, 53, 47, 64, 29, 46, 61, 48, 41, 50, 55, 38, 59, 40, 49, 52, 57, 51, 71, 56, 62, 54, 65, 36, 35] <-- Page - 53
[66, 43, 44, 39, 58, 26, 67, 42, 53, 47, 64, 29, 46, 61, 48, 41, 50, 55, 38, 59, 40, 49, 52, 57, 51, 71, 56, 62, 54, 65, 36, 35] <-- Page - 51
[66, 43, 44, 39, 58, 26, 67, 42, 53, 47, 64, 29, 46, 61, 48, 41, 50, 55, 38, 59, 40, 49, 52, 57, 51, 71, 56, 62, 54, 65, 36, 35] <-- Page - 61
[66, 43, 44, 39, 58, 26, 67, 42, 53, 47, 64, 29, 46, 61, 48, 41, 50, 55, 38, 59, 40, 49, 52, 57, 51, 71, 56, 62, 54, 65, 36, 35] <-- Page - 61
[66, 43, 44, 39, 58, 26, 67, 42, 53, 47, 64, 29, 46, 61, 48, 41, 50, 55, 38, 59, 40, 49, 52, 57, 51, 71, 56, 62, 54, 65, 36, 35] <-- Page - 51
[66, 43, 44, 39, 58, 26, 67, 42, 53, 47, 64, 29, 46, 61, 48, 41, 50, 55, 38, 59, 40, 49, 52, 57, 51, 71, 56, 62, 54, 65, 36, 35] <-- Page - 46
[66, 43, 44, 39, 58, 26, 67, 42, 53, 47, 64, 29, 46, 61, 48, 41, 50, 55, 38, 59, 40, 49, 52, 57, 51, 71, 56, 62, 54, 65, 36, 35] <-- Page - 43
[66, 43, 44, 39, 58, 26, 67, 42, 53, 47, 64, 29, 46, 61, 48, 41, 50, 55, 38, 59, 40, 49, 52, 57, 51, 71, 56, 62, 54, 65, 36, 35] <-- Page - 54
[66, 43, 44, 39, 58, 26, 67, 42, 53, 47, 64, 29, 46, 61, 48, 41, 50, 55, 38, 59, 40, 49, 52, 57, 51, 71, 56, 62, 54, 65, 36, 35] <-- Page - 50
[66, 43, 44, 39, 58, 26, 67, 42, 53, 47, 64, 29, 46, 61, 48, 41, 50, 55, 38, 59, 40, 49, 52, 57, 51, 71, 56, 62, 54, 65, 36, 35] <-- Page - 46
[66, 43, 44, 39, 58, 26, 67, 42, 53, 47, 64, 29, 46, 61, 48, 41, 50, 55, 38, 59, 40, 49, 52, 57, 51, 71, 56, 62, 54, 65, 36, 35] <-- Page - 50
[66, 43, 44, 39, 58, 26, 67, 42, 53, 47, 64, 29, 46, 61, 48, 41, 50, 55, 38, 59, 40, 49, 52, 57, 51, 71, 56, 62, 54, 65, 36, 35] <-- Page - 43
[66, 43, 44, 39, 58, 26, 67, 42, 53, 47, 64, 29, 46, 61, 48, 41, 50, 55, 38, 59, 40, 49, 52, 57, 51, 71, 56, 62, 54, 65, 36, 35] <-- Page - 56
------------------------------------------------------------
