# seed=1 mean=50 standard_deviation=30 number_of_pages=300
------------------------------------------------------------
98
31
34
17
75
-19
102
27
59
42
93
-11
40
38
84
17
44
23
51
67
16
84
77
65
77
29
46
21
41
65
29
38
29
24
29
49
16
57
99
72
44
23
27
100
51
30
55
113
53
68
59
39
15
39
43
67
75
77
58
76
27
87
65
41
64
47
83
95
115
8
6
34
54
76
59
-10
40
74
56
72
43
43
55
62
55
53
29
61
53
83
85
55
38
30
62
52
39
51
31
70
36
86
62
67
17
55
72
21
42
50
8
59
75
24
60
10
48
1
83
62
49
26
88
109
-5
87
98
60
14
75
44
31
13
66
73
31
65
15
74
51
44
46
76
72
65
54
52
68
56
70
40
-23
81
115
63
46
45
46
50
16
34
20
57
41
64
44
79
56
115
-6
30
77
125
42
51
43
89
41
70
40
11
59
65
88
46
31
66
57
58
47
84
61
107
83
69
1
68
62
74
81
37
74
33
108
10
-2
0
23
16
108
40
9
83
32
12
76
68
36
92
53
98
65
96
53
13
123
33
44
28
43
57
56
69
103
46
13
14
30
0
74
35
40
49
8
24
70
68
36
104
10
39
43
-33
108
60
18
111
67
62
31
53
4
73
38
54
86
58
57
58
28
75
96
72
76
23
23
6
86
42
91
26
36
52
77
51
56
50
55
16
52
44
48
64
29
47
41
62
73
21
67
