# seed=1 mean=50 standard_deviation=750 number_of_pages=300
------------------------------------------------------------
1268
-408
-346
-754
699
-1676
1358
-520
289
-137
1146
-1495
-191
-238
900
-774
-79
-608
81
487
-775
908
726
426
725
-462
-42
-651
-150
447
-468
-247
-465
-583
-453
40
-787
225
1294
606
-93
-615
-510
1319
88
-427
193
1625
140
512
275
-214
-806
-212
-106
489
679
748
264
713
-515
989
434
-173
416
-6
898
1189
1689
-997
-1033
-328
170
707
286
-1466
-179
670
222
621
-116
-100
189
357
198
139
-452
333
141
897
949
188
-231
-429
367
108
-207
82
-415
573
-285
968
352
495
-771
177
605
-665
-149
74
-979
286
684
-594
312
-934
20
-1161
891
356
31
-531
1005
1525
-1343
977
1270
303
-849
697
-85
-402
-872
462
644
-417
440
-808
651
84
-89
-26
701
612
447
153
108
513
224
561
-182
-1776
829
1690
381
-25
-52
-39
63
-791
-337
-697
236
-172
421
-81
789
210
1693
-1372
-435
726
1946
-136
82
-119
1048
-165
560
-189
-904
285
427
1019
-32
-413
472
230
260
-4
920
327
1478
883
544
-1170
501
365
658
833
-250
668
-371
1516
-948
-1270
-1188
-617
-789
1517
-194
-957
885
-389
-877
706
517
-276
1105
146
1262
427
1219
132
-864
1887
-359
-99
-475
-102
232
201
545
1394
-40
-874
-836
-449
-1205
668
-323
-183
48
-997
-595
556
513
-282
1407
-929
-208
-123
-2044
1503
324
-733
1588
489
372
-405
129
-1094
646
-230
150
951
263
246
257
-499
677
1207
619
713
-607
-600
-1030
974
-140
1099
-536
-278
121
741
95
208
62
182
-787
110
-89
7
419
-460
-13
-173
362
638
-666
489
