# seed=1 mean=50 standard_deviation=500 number_of_pages=300
------------------------------------------------------------
862
-255
-214
-486
482
-1100
922
-330
209
-74
781
-980
-111
-142
616
-499
-36
-388
71
341
-500
622
500
301
500
-291
-11
-417
-83
315
-295
-148
-293
-372
-285
43
-508
167
879
421
-45
-393
-323
896
75
-268
145
1100
110
358
200
-126
-521
-124
-54
343
469
515
192
492
-327
676
306
-99
294
12
615
809
1142
-648
-672
-202
130
488
207
-961
-103
463
165
431
-61
-50
143
255
149
109
-285
238
110
614
649
142
-137
-269
261
88
-121
71
-260
399
-173
662
251
346
-497
134
420
-426
-83
66
-636
207
473
-379
225
-606
30
-757
610
254
37
-337
686
1033
-878
668
863
219
-549
481
-40
-251
-565
325
446
-261
310
-522
450
73
-43
0
484
425
314
118
88
359
166
391
-105
-1167
569
1143
270
0
-18
-9
58
-511
-208
-448
174
-98
297
-37
543
156
1145
-898
-273
500
1314
-74
71
-63
715
-93
390
-109
-586
206
301
696
-5
-258
331
170
190
13
630
234
1002
605
379
-763
351
260
455
572
-150
462
-231
1027
-615
-830
-775
-395
-509
1028
-113
-621
607
-243
-568
487
361
-167
753
114
858
301
829
104
-559
1274
-222
-49
-300
-51
171
150
380
946
-10
-566
-541
-282
-787
462
-199
-105
49
-648
-380
387
359
-171
955
-602
-122
-65
-1346
1018
233
-472
1075
342
264
-253
103
-712
447
-137
117
651
192
181
188
-316
468
821
429
492
-388
-383
-670
666
-77
749
-340
-168
97
510
80
155
58
138
-508
90
-43
21
296
-290
7
-98
258
442
-427
342
