# seed=1 mean=50 standard_deviation=3 number_of_pages=300
------------------------------------------------------------
54
48
48
46
52
43
55
47
50
49
54
43
49
48
53
46
49
47
50
51
46
53
52
51
52
47
49
47
49
51
47
48
47
47
47
49
46
50
54
52
49
47
47
55
50
48
50
56
50
51
50
48
46
48
49
51
52
52
50
52
47
53
51
49
51
49
53
54
56
45
45
48
50
52
50
43
49
52
50
52
49
49
50
51
50
50
47
51
50
53
53
50
48
48
51
50
48
50
48
52
48
53
51
51
46
50
52
47
49
50
45
50
52
47
51
46
49
45
53
51
49
47
53
55
44
53
54
51
46
52
49
48
46
51
52
48
51
46
52
50
49
49
52
52
51
50
50
51
50
52
49
42
53
56
51
49
49
49
50
46
48
47
50
49
51
49
52
50
56
44
48
52
57
49
50
49
53
49
52
49
46
50
51
53
49
48
51
50
50
49
53
51
55
53
51
45
51
51
52
53
48
52
48
55
46
44
45
47
46
55
49
45
53
48
46
52
51
48
54
50
54
51
54
50
46
57
48
49
47
49
50
50
51
55
49
46
46
48
44
52
48
49
49
45
47
52
51
48
55
46
48
49
41
55
51
46
56
51
51
48
50
45
52
48
50
53
50
50
50
47
52
54
52
52
47
47
45
53
49
54
47
48
50
52
50
50
50
50
46
50
49
49
51
47
49
49
51
52
47
51
