# seed=1 mean=50 standard_deviation=300 number_of_pages=300
------------------------------------------------------------
537
-133
-108
-271
309
-640
573
-178
145
-24
488
-568
-46
-65
390
-279
-1
-213
62
224
-280
393
320
200
320
-155
13
-230
-30
209
-157
-69
-156
-203
-151
46
-285
120
547
272
-7
-216
-174
557
65
-141
107
680
86
235
140
-55
-292
-54
-12
225
301
329
135
315
-176
425
203
-39
196
27
389
505
705
-368
-383
-101
98
312
144
-556
-41
298
119
278
-16
-10
105
173
109
85
-151
163
86
388
409
105
-62
-141
177
73
-53
63
-136
259
-84
417
171
228
-278
100
272
-236
-29
59
-361
144
303
-207
155
-343
38
-434
386
172
42
-182
432
640
-507
420
538
151
-309
309
-4
-131
-319
215
287
-137
206
-293
290
63
-5
19
310
275
208
91
73
235
119
254
-43
-680
361
706
182
19
9
14
55
-286
-105
-249
124
-38
198
-2
345
114
707
-518
-144
320
808
-24
63
-17
449
-36
254
-45
-331
144
200
437
16
-135
218
122
134
28
398
160
621
383
247
-438
230
176
293
363
-70
297
-118
636
-349
-478
-445
-217
-285
636
-47
-352
384
-125
-321
312
237
-80
472
88
535
200
517
82
-315
784
-113
-9
-160
-11
122
110
248
587
13
-319
-304
-149
-452
297
-99
-43
49
-368
-208
252
235
-82
593
-341
-53
-19
-787
631
159
-263
665
225
178
-132
81
-407
288
-62
90
410
135
128
132
-169
300
513
277
315
-213
-210
-382
419
-26
469
-184
-81
78
326
68
113
54
103
-284
74
-5
32
197
-154
24
-39
175
285
-236
225
