# seed=1 mean=50 standard_deviation=10 number_of_pages=300
------------------------------------------------------------
66
43
44
39
58
26
67
42
53
47
64
29
46
46
61
39
48
41
50
55
38
61
59
55
59
43
48
40
47
55
43
46
43
41
43
49
38
52
66
57
48
41
42
66
50
43
51
71
51
56
53
46
38
46
47
55
58
59
52
58
42
62
55
47
54
49
61
65
71
36
35
44
51
58
53
29
46
58
52
57
47
47
51
54
51
51
43
53
51
61
61
51
46
43
54
50
46
50
43
56
45
62
54
55
39
51
57
40
47
50
36
53
58
41
53
36
49
33
61
54
49
42
62
69
31
62
66
53
38
58
48
43
37
55
57
43
55
38
58
50
48
48
58
57
55
51
50
56
52
56
46
25
60
71
54
48
48
48
50
38
44
40
52
47
54
48
59
52
71
31
43
59
75
47
50
47
63
47
56
46
37
53
55
62
48
43
55
52
52
49
61
53
69
61
56
33
56
54
58
60
45
58
44
69
36
32
33
41
38
69
46
36
61
44
37
58
56
45
64
51
66
55
65
51
37
74
44
48
42
47
52
52
56
67
48
37
38
43
33
58
45
46
49
36
41
56
56
45
68
36
46
47
22
69
53
39
70
55
54
43
51
34
57
46
51
62
52
52
52
42
58
65
57
58
41
41
35
62
47
63
42
45
50
59
50
52
50
51
38
50
48
49
54
43
49
47
54
57
40
55
