# seed=1 mean=50 standard_deviation=100 number_of_pages=300
------------------------------------------------------------
212
-11
-2
-57
136
-180
224
-26
81
25
196
-156
17
11
163
-59
32
-37
54
108
-60
164
140
100
140
-18
37
-43
23
103
-19
10
-18
-34
-17
48
-61
73
215
124
30
-38
-24
219
55
-13
69
260
62
111
80
14
-64
15
29
108
133
143
78
138
-25
175
101
20
98
42
163
201
268
-89
-94
0
66
137
81
-152
19
132
73
126
27
29
68
91
69
61
-17
87
62
162
169
68
12
-13
92
57
15
54
-12
119
5
172
90
109
-59
66
124
-45
23
53
-87
81
134
-35
85
-81
46
-111
162
90
47
-27
177
246
-135
173
212
83
-69
136
31
-10
-73
105
129
-12
102
-64
130
54
31
39
136
125
102
63
57
111
73
118
18
-193
153
268
94
39
36
38
51
-62
-1
-49
74
20
99
32
148
71
269
-139
-14
140
302
25
54
27
183
21
118
18
-77
81
100
179
38
-11
106
74
78
42
166
86
240
161
115
-112
110
92
131
154
9
132
-6
245
-83
-126
-115
-39
-61
245
17
-84
161
-8
-73
137
112
6
190
62
211
100
205
60
-71
294
-4
30
-20
29
74
70
116
229
37
-73
-68
-16
-117
132
0
18
49
-89
-36
117
111
5
231
-80
15
26
-229
243
86
-54
255
108
92
-10
60
-102
129
12
63
170
78
76
77
-23
133
204
125
138
-37
-36
-94
173
24
189
-28
6
59
142
56
71
51
67
-61
58
31
44
99
-18
41
20
91
128
-45
108
