# seed=1 mean=50 standard_deviation=1 number_of_pages=300
------------------------------------------------------------
51
49
49
48
50
47
51
49
50
49
51
47
49
49
51
48
49
49
50
50
48
51
50
50
50
49
49
49
49
50
49
49
49
49
49
49
48
50
51
50
49
49
49
51
50
49
50
52
50
50
50
49
48
49
49
50
50
50
50
50
49
51
50
49
50
49
51
51
52
48
48
49
50
50
50
47
49
50
50
50
49
49
50
50
50
50
49
50
50
51
51
50
49
49
50
50
49
50
49
50
49
51
50
50
48
50
50
49
49
50
48
50
50
49
50
48
49
48
51
50
49
49
51
51
48
51
51
50
48
50
49
49
48
50
50
49
50
48
50
50
49
49
50
50
50
50
50
50
50
50
49
47
51
52
50
49
49
49
50
48
49
49
50
49
50
49
50
50
52
48
49
50
52
49
50
49
51
49
50
49
48
50
50
51
49
49
50
50
50
49
51
50
51
51
50
48
50
50
50
51
49
50
49
51
48
48
48
49
48
51
49
48
51
49
48
50
50
49
51
50
51
50
51
50
48
52
49
49
49
49
50
50
50
51
49
48
48
49
48
50
49
49
49
48
49
50
50
49
51
48
49
49
47
51
50
48
52
50
50
49
50
48
50
49
50
51
50
50
50
49
50
51
50
50
49
49
48
51
49
51
49
49
50
50
50
50
50
50
48
50
49
49
50
49
49
49
50
50
49
50
