# seed=1 mean=50 standard_deviation=75 number_of_pages=300
------------------------------------------------------------
171
4
10
-30
114
-122
180
-7
73
31
159
-104
25
21
135
-32
37
-15
53
93
-32
135
117
87
117
-1
40
-20
29
89
-1
20
-1
-13
0
49
-33
67
174
105
35
-16
-6
176
53
2
64
207
59
96
72
23
-35
23
34
93
112
119
71
116
-6
143
88
27
86
44
134
163
213
-54
-58
12
62
115
73
-101
27
112
67
107
33
34
63
80
64
58
0
78
59
134
139
63
21
2
81
55
24
53
3
102
16
141
80
94
-32
62
105
-21
30
52
-52
73
113
-14
76
-48
47
-71
134
80
48
-8
145
197
-89
142
172
75
-39
114
36
4
-42
91
109
3
89
-35
110
53
36
42
115
106
89
60
55
96
67
101
26
-132
127
214
83
42
39
41
51
-34
11
-24
68
27
87
36
123
66
214
-92
1
117
239
31
53
33
149
28
101
26
-45
73
87
146
41
3
92
68
71
44
137
77
192
133
99
-72
95
81
110
128
19
111
7
196
-49
-82
-73
-16
-33
196
25
-50
133
6
-42
115
96
17
155
59
171
87
166
58
-41
233
9
35
-2
34
68
65
99
184
40
-42
-38
0
-75
111
12
26
49
-54
-14
100
96
16
185
-47
24
32
-159
195
77
-28
203
93
82
4
57
-64
109
21
60
140
71
69
70
-4
112
165
106
116
-15
-15
-58
142
30
154
-8
17
57
119
54
65
51
63
-33
56
36
45
86
-1
43
27
81
108
-21
93
