# seed=1 mean=50 standard_deviation=10 number_of_pages=1000
------------------------------------------------------------
66
43
44
39
58
26
67
42
53
47
64
29
46
46
61
39
48
41
50
55
38
61
59
55
59
43
48
40
47
55
43
46
43
41
43
49
38
52
66
57
48
41
42
66
50
43
51
71
51
56
53
46
38
46
47
55
58
59
52
58
42
62
55
47
54
49
61
65
71
36
35
44
51
58
53
29
46
58
52
57
47
47
51
54
51
51
43
53
51
61
61
51
46
43
54
50
46
50
43
56
45
62
54
55
39
51
57
40
47
50
36
53
58
41
53
36
49
33
61
54
49
42
62
69
31
62
66
53
38
58
48
43
37
55
57
43
55
38
58
50
48
48
58
57
55
51
50
56
52
56
46
25
60
71
54
48
48
48
50
38
44
40
52
47
54
48
59
52
71
31
43
59
75
47
50
47
63
47
56
46
37
53
55
62
48
43
55
52
52
49
61
53
69
61
56
33
56
54
58
60
45
58
44
69
36
32
33
41
38
69
46
36
61
44
37
58
56
45
64
51
66
55
65
51
37
74
44
48
42
47
52
52
56
67
48
37
38
43
33
58
45
46
49
36
41
56
56
45
68
36
46
47
22
69
53
39
70
55
54
43
51
34
57
46
51
62
52
52
52
42
58
65
57
58
41
41
35
62
47
63
42
45
50
59
50
52
50
51
38
50
48
49
54
43
49
47
54
57
40
55
70
35
41
41
47
66
50
43
56
44
61
53
63
43
80
58
56
49
42
41
48
42
52
41
56
59
42
61
47
61
54
61
40
48
64
43
29
30
24
28
45
62
45
53
48
50
48
48
54
38
60
59
48
58
42
44
51
48
45
43
44
59
30
53
47
57
55
22
55
53
50
45
58
45
68
55
71
42
32
57
58
50
34
45
56
48
48
48
40
44
35
67
45
54
39
57
31
59
49
71
36
50
53
62
45
50
28
41
54
61
47
70
67
49
25
32
42
61
53
29
47
66
46
42
70
50
45
53
50
45
62
61
58
48
61
49
54
60
58
67
54
33
38
63
46
53
41
60
46
64
44
61
56
42
60
40
41
57
43
44
46
39
60
56
49
48
54
67
58
44
57
48
48
68
45
45
30
35
54
43
55
38
42
56
64
55
61
67
60
40
48
56
45
54
34
41
55
27
38
49
32
50
42
47
47
51
44
50
43
55
66
51
51
38
56
42
41
55
51
61
64
44
51
67
59
57
63
43
56
64
66
41
47
53
47
46
56
46
32
53
45
42
34
60
27
33
47
62
63
38
48
34
60
35
48
60
47
64
41
53
58
48
63
55
33
89
56
51
36
50
45
56
53
68
51
55
53
48
48
61
57
43
38
49
61
49
67
42
51
24
44
46
55
67
50
64
56
59
45
63
39
54
40
44
35
44
53
49
36
64
53
60
57
43
30
40
62
39
58
43
53
31
61
49
58
51
57
48
57
34
39
57
49
47
48
55
44
55
40
45
59
60
39
58
39
57
31
38
44
48
64
59
65
62
47
47
60
50
48
36
48
22
45
40
56
45
46
63
39
53
31
50
54
58
41
53
53
49
51
54
53
40
38
75
69
36
54
56
57
51
40
48
45
51
47
48
60
62
38
45
42
62
49
64
45
50
36
63
46
35
44
26
49
51
52
64
46
58
53
48
29
59
44
50
37
52
51
50
48
60
59
57
83
43
46
39
54
43
23
37
50
60
34
43
48
42
55
50
53
42
65
49
62
45
55
43
40
42
49
47
65
38
39
67
56
31
54
52
28
46
49
57
59
50
60
48
41
40
55
30
56
38
46
55
62
30
41
50
44
58
29
53
54
50
61
37
61
42
57
46
58
57
35
48
49
47
42
68
52
65
44
39
51
44
73
52
61
47
46
49
53
58
48
43
39
49
55
54
49
43
51
55
49
51
48
59
45
51
53
57
64
56
55
35
56
72
41
39
47
60
55
45
49
60
56
74
60
53
56
46
40
51
54
36
44
46
52
47
54
50
60
32
66
64
50
56
56
42
51
57
53
60
50
50
42
46
45
67
52
40
53
48
19
54
34
55
40
35
54
35
45
52
56
57
49
41
69
43
68
45
61
60
39
53
57
57
48
53
46
38
59
44
63
56
41
48
47
41
55
45
66
58
41
49
47
34
59
59
59
45
60
47
59
68
51
35
46
56
62
38
48
52
54
59
40
45
60
53
54
61
51
55
46
36
37
50
48
43
53
41
51
49
41
27
64
53
23
45
53
47
55
40
51
49
48
47
51
59
44
45
51
48
53
57
62
48
27
49
53
48
