# seed = 1 mean = 50 standard_deviation = 30 number_of_pages = 300
Capacity of LRU = 90
------------------------------------------------------------
Page Faults = 113
Page Hits = 187
------------------------------------------------------------
[98] <-- Page - 98 | Page Fault Here
[98, 31] <-- Page - 31 | Page Fault Here
[98, 31, 34] <-- Page - 34 | Page Fault Here
[98, 31, 34, 17] <-- Page - 17 | Page Fault Here
[98, 31, 34, 17, 75] <-- Page - 75 | Page Fault Here
[98, 31, 34, 17, 75, -19] <-- Page - -19 | Page Fault Here
[98, 31, 34, 17, 75, -19, 102] <-- Page - 102 | Page Fault Here
[98, 31, 34, 17, 75, -19, 102, 27] <-- Page - 27 | Page Fault Here
[98, 31, 34, 17, 75, -19, 102, 27, 59] <-- Page - 59 | Page Fault Here
[98, 31, 34, 17, 75, -19, 102, 27, 59, 42] <-- Page - 42 | Page Fault Here
[98, 31, 34, 17, 75, -19, 102, 27, 59, 42, 93] <-- Page - 93 | Page Fault Here
[98, 31, 34, 17, 75, -19, 102, 27, 59, 42, 93, -11] <-- Page - -11 | Page Fault Here
[98, 31, 34, 17, 75, -19, 102, 27, 59, 42, 93, -11, 40] <-- Page - 40 | Page Fault Here
[98, 31, 34, 17, 75, -19, 102, 27, 59, 42, 93, -11, 40, 38] <-- Page - 38 | Page Fault Here
[98, 31, 34, 17, 75, -19, 102, 27, 59, 42, 93, -11, 40, 38, 84] <-- Page - 84 | Page Fault Here
[98, 31, 34, 75, -19, 102, 27, 59, 42, 93, -11, 40, 38, 84, 17] <-- Page - 17
[98, 31, 34, 75, -19, 102, 27, 59, 42, 93, -11, 40, 38, 84, 17, 44] <-- Page - 44 | Page Fault Here
[98, 31, 34, 75, -19, 102, 27, 59, 42, 93, -11, 40, 38, 84, 17, 44, 23] <-- Page - 23 | Page Fault Here
[98, 31, 34, 75, -19, 102, 27, 59, 42, 93, -11, 40, 38, 84, 17, 44, 23, 51] <-- Page - 51 | Page Fault Here
[98, 31, 34, 75, -19, 102, 27, 59, 42, 93, -11, 40, 38, 84, 17, 44, 23, 51, 67] <-- Page - 67 | Page Fault Here
[98, 31, 34, 75, -19, 102, 27, 59, 42, 93, -11, 40, 38, 84, 17, 44, 23, 51, 67, 16] <-- Page - 16 | Page Fault Here
[98, 31, 34, 75, -19, 102, 27, 59, 42, 93, -11, 40, 38, 17, 44, 23, 51, 67, 16, 84] <-- Page - 84
[98, 31, 34, 75, -19, 102, 27, 59, 42, 93, -11, 40, 38, 17, 44, 23, 51, 67, 16, 84, 77] <-- Page - 77 | Page Fault Here
[98, 31, 34, 75, -19, 102, 27, 59, 42, 93, -11, 40, 38, 17, 44, 23, 51, 67, 16, 84, 77, 65] <-- Page - 65 | Page Fault Here
[98, 31, 34, 75, -19, 102, 27, 59, 42, 93, -11, 40, 38, 17, 44, 23, 51, 67, 16, 84, 65, 77] <-- Page - 77
[98, 31, 34, 75, -19, 102, 27, 59, 42, 93, -11, 40, 38, 17, 44, 23, 51, 67, 16, 84, 65, 77, 29] <-- Page - 29 | Page Fault Here
[98, 31, 34, 75, -19, 102, 27, 59, 42, 93, -11, 40, 38, 17, 44, 23, 51, 67, 16, 84, 65, 77, 29, 46] <-- Page - 46 | Page Fault Here
[98, 31, 34, 75, -19, 102, 27, 59, 42, 93, -11, 40, 38, 17, 44, 23, 51, 67, 16, 84, 65, 77, 29, 46, 21] <-- Page - 21 | Page Fault Here
[98, 31, 34, 75, -19, 102, 27, 59, 42, 93, -11, 40, 38, 17, 44, 23, 51, 67, 16, 84, 65, 77, 29, 46, 21, 41] <-- Page - 41 | Page Fault Here
[98, 31, 34, 75, -19, 102, 27, 59, 42, 93, -11, 40, 38, 17, 44, 23, 51, 67, 16, 84, 77, 29, 46, 21, 41, 65] <-- Page - 65
[98, 31, 34, 75, -19, 102, 27, 59, 42, 93, -11, 40, 38, 17, 44, 23, 51, 67, 16, 84, 77, 46, 21, 41, 65, 29] <-- Page - 29
[98, 31, 34, 75, -19, 102, 27, 59, 42, 93, -11, 40, 17, 44, 23, 51, 67, 16, 84, 77, 46, 21, 41, 65, 29, 38] <-- Page - 38
[98, 31, 34, 75, -19, 102, 27, 59, 42, 93, -11, 40, 17, 44, 23, 51, 67, 16, 84, 77, 46, 21, 41, 65, 38, 29] <-- Page - 29
[98, 31, 34, 75, -19, 102, 27, 59, 42, 93, -11, 40, 17, 44, 23, 51, 67, 16, 84, 77, 46, 21, 41, 65, 38, 29, 24] <-- Page - 24 | Page Fault Here
[98, 31, 34, 75, -19, 102, 27, 59, 42, 93, -11, 40, 17, 44, 23, 51, 67, 16, 84, 77, 46, 21, 41, 65, 38, 24, 29] <-- Page - 29
[98, 31, 34, 75, -19, 102, 27, 59, 42, 93, -11, 40, 17, 44, 23, 51, 67, 16, 84, 77, 46, 21, 41, 65, 38, 24, 29, 49] <-- Page - 49 | Page Fault Here
[98, 31, 34, 75, -19, 102, 27, 59, 42, 93, -11, 40, 17, 44, 23, 51, 67, 84, 77, 46, 21, 41, 65, 38, 24, 29, 49, 16] <-- Page - 16
[98, 31, 34, 75, -19, 102, 27, 59, 42, 93, -11, 40, 17, 44, 23, 51, 67, 84, 77, 46, 21, 41, 65, 38, 24, 29, 49, 16, 57] <-- Page - 57 | Page Fault Here
[98, 31, 34, 75, -19, 102, 27, 59, 42, 93, -11, 40, 17, 44, 23, 51, 67, 84, 77, 46, 21, 41, 65, 38, 24, 29, 49, 16, 57, 99] <-- Page - 99 | Page Fault Here
[98, 31, 34, 75, -19, 102, 27, 59, 42, 93, -11, 40, 17, 44, 23, 51, 67, 84, 77, 46, 21, 41, 65, 38, 24, 29, 49, 16, 57, 99, 72] <-- Page - 72 | Page Fault Here
[98, 31, 34, 75, -19, 102, 27, 59, 42, 93, -11, 40, 17, 23, 51, 67, 84, 77, 46, 21, 41, 65, 38, 24, 29, 49, 16, 57, 99, 72, 44] <-- Page - 44
[98, 31, 34, 75, -19, 102, 27, 59, 42, 93, -11, 40, 17, 51, 67, 84, 77, 46, 21, 41, 65, 38, 24, 29, 49, 16, 57, 99, 72, 44, 23] <-- Page - 23
[98, 31, 34, 75, -19, 102, 59, 42, 93, -11, 40, 17, 51, 67, 84, 77, 46, 21, 41, 65, 38, 24, 29, 49, 16, 57, 99, 72, 44, 23, 27] <-- Page - 27
[98, 31, 34, 75, -19, 102, 59, 42, 93, -11, 40, 17, 51, 67, 84, 77, 46, 21, 41, 65, 38, 24, 29, 49, 16, 57, 99, 72, 44, 23, 27, 100] <-- Page - 100 | Page Fault Here
[98, 31, 34, 75, -19, 102, 59, 42, 93, -11, 40, 17, 67, 84, 77, 46, 21, 41, 65, 38, 24, 29, 49, 16, 57, 99, 72, 44, 23, 27, 100, 51] <-- Page - 51
[98, 31, 34, 75, -19, 102, 59, 42, 93, -11, 40, 17, 67, 84, 77, 46, 21, 41, 65, 38, 24, 29, 49, 16, 57, 99, 72, 44, 23, 27, 100, 51, 30] <-- Page - 30 | Page Fault Here
[98, 31, 34, 75, -19, 102, 59, 42, 93, -11, 40, 17, 67, 84, 77, 46, 21, 41, 65, 38, 24, 29, 49, 16, 57, 99, 72, 44, 23, 27, 100, 51, 30, 55] <-- Page - 55 | Page Fault Here
[98, 31, 34, 75, -19, 102, 59, 42, 93, -11, 40, 17, 67, 84, 77, 46, 21, 41, 65, 38, 24, 29, 49, 16, 57, 99, 72, 44, 23, 27, 100, 51, 30, 55, 113] <-- Page - 113 | Page Fault Here
[98, 31, 34, 75, -19, 102, 59, 42, 93, -11, 40, 17, 67, 84, 77, 46, 21, 41, 65, 38, 24, 29, 49, 16, 57, 99, 72, 44, 23, 27, 100, 51, 30, 55, 113, 53] <-- Page - 53 | Page Fault Here
[98, 31, 34, 75, -19, 102, 59, 42, 93, -11, 40, 17, 67, 84, 77, 46, 21, 41, 65, 38, 24, 29, 49, 16, 57, 99, 72, 44, 23, 27, 100, 51, 30, 55, 113, 53, 68] <-- Page - 68 | Page Fault Here
[98, 31, 34, 75, -19, 102, 42, 93, -11, 40, 17, 67, 84, 77, 46, 21, 41, 65, 38, 24, 29, 49, 16, 57, 99, 72, 44, 23, 27, 100, 51, 30, 55, 113, 53, 68, 59] <-- Page - 59
[98, 31, 34, 75, -19, 102, 42, 93, -11, 40, 17, 67, 84, 77, 46, 21, 41, 65, 38, 24, 29, 49, 16, 57, 99, 72, 44, 23, 27, 100, 51, 30, 55, 113, 53, 68, 59, 39] <-- Page - 39 | Page Fault Here
[98, 31, 34, 75, -19, 102, 42, 93, -11, 40, 17, 67, 84, 77, 46, 21, 41, 65, 38, 24, 29, 49, 16, 57, 99, 72, 44, 23, 27, 100, 51, 30, 55, 113, 53, 68, 59, 39, 15] <-- Page - 15 | Page Fault Here
[98, 31, 34, 75, -19, 102, 42, 93, -11, 40, 17, 67, 84, 77, 46, 21, 41, 65, 38, 24, 29, 49, 16, 57, 99, 72, 44, 23, 27, 100, 51, 30, 55, 113, 53, 68, 59, 15, 39] <-- Page - 39
[98, 31, 34, 75, -19, 102, 42, 93, -11, 40, 17, 67, 84, 77, 46, 21, 41, 65, 38, 24, 29, 49, 16, 57, 99, 72, 44, 23, 27, 100, 51, 30, 55, 113, 53, 68, 59, 15, 39, 43] <-- Page - 43 | Page Fault Here
[98, 31, 34, 75, -19, 102, 42, 93, -11, 40, 17, 84, 77, 46, 21, 41, 65, 38, 24, 29, 49, 16, 57, 99, 72, 44, 23, 27, 100, 51, 30, 55, 113, 53, 68, 59, 15, 39, 43, 67] <-- Page - 67
[98, 31, 34, -19, 102, 42, 93, -11, 40, 17, 84, 77, 46, 21, 41, 65, 38, 24, 29, 49, 16, 57, 99, 72, 44, 23, 27, 100, 51, 30, 55, 113, 53, 68, 59, 15, 39, 43, 67, 75] <-- Page - 75
[98, 31, 34, -19, 102, 42, 93, -11, 40, 17, 84, 46, 21, 41, 65, 38, 24, 29, 49, 16, 57, 99, 72, 44, 23, 27, 100, 51, 30, 55, 113, 53, 68, 59, 15, 39, 43, 67, 75, 77] <-- Page - 77
[98, 31, 34, -19, 102, 42, 93, -11, 40, 17, 84, 46, 21, 41, 65, 38, 24, 29, 49, 16, 57, 99, 72, 44, 23, 27, 100, 51, 30, 55, 113, 53, 68, 59, 15, 39, 43, 67, 75, 77, 58] <-- Page - 58 | Page Fault Here
[98, 31, 34, -19, 102, 42, 93, -11, 40, 17, 84, 46, 21, 41, 65, 38, 24, 29, 49, 16, 57, 99, 72, 44, 23, 27, 100, 51, 30, 55, 113, 53, 68, 59, 15, 39, 43, 67, 75, 77, 58, 76] <-- Page - 76 | Page Fault Here
[98, 31, 34, -19, 102, 42, 93, -11, 40, 17, 84, 46, 21, 41, 65, 38, 24, 29, 49, 16, 57, 99, 72, 44, 23, 100, 51, 30, 55, 113, 53, 68, 59, 15, 39, 43, 67, 75, 77, 58, 76, 27] <-- Page - 27
[98, 31, 34, -19, 102, 42, 93, -11, 40, 17, 84, 46, 21, 41, 65, 38, 24, 29, 49, 16, 57, 99, 72, 44, 23, 100, 51, 30, 55, 113, 53, 68, 59, 15, 39, 43, 67, 75, 77, 58, 76, 27, 87] <-- Page - 87 | Page Fault Here
[98, 31, 34, -19, 102, 42, 93, -11, 40, 17, 84, 46, 21, 41, 38, 24, 29, 49, 16, 57, 99, 72, 44, 23, 100, 51, 30, 55, 113, 53, 68, 59, 15, 39, 43, 67, 75, 77, 58, 76, 27, 87, 65] <-- Page - 65
[98, 31, 34, -19, 102, 42, 93, -11, 40, 17, 84, 46, 21, 38, 24, 29, 49, 16, 57, 99, 72, 44, 23, 100, 51, 30, 55, 113, 53, 68, 59, 15, 39, 43, 67, 75, 77, 58, 76, 27, 87, 65, 41] <-- Page - 41
[98, 31, 34, -19, 102, 42, 93, -11, 40, 17, 84, 46, 21, 38, 24, 29, 49, 16, 57, 99, 72, 44, 23, 100, 51, 30, 55, 113, 53, 68, 59, 15, 39, 43, 67, 75, 77, 58, 76, 27, 87, 65, 41, 64] <-- Page - 64 | Page Fault Here
[98, 31, 34, -19, 102, 42, 93, -11, 40, 17, 84, 46, 21, 38, 24, 29, 49, 16, 57, 99, 72, 44, 23, 100, 51, 30, 55, 113, 53, 68, 59, 15, 39, 43, 67, 75, 77, 58, 76, 27, 87, 65, 41, 64, 47] <-- Page - 47 | Page Fault Here
[98, 31, 34, -19, 102, 42, 93, -11, 40, 17, 84, 46, 21, 38, 24, 29, 49, 16, 57, 99, 72, 44, 23, 100, 51, 30, 55, 113, 53, 68, 59, 15, 39, 43, 67, 75, 77, 58, 76, 27, 87, 65, 41, 64, 47, 83] <-- Page - 83 | Page Fault Here
[98, 31, 34, -19, 102, 42, 93, -11, 40, 17, 84, 46, 21, 38, 24, 29, 49, 16, 57, 99, 72, 44, 23, 100, 51, 30, 55, 113, 53, 68, 59, 15, 39, 43, 67, 75, 77, 58, 76, 27, 87, 65, 41, 64, 47, 83, 95] <-- Page - 95 | Page Fault Here
[98, 31, 34, -19, 102, 42, 93, -11, 40, 17, 84, 46, 21, 38, 24, 29, 49, 16, 57, 99, 72, 44, 23, 100, 51, 30, 55, 113, 53, 68, 59, 15, 39, 43, 67, 75, 77, 58, 76, 27, 87, 65, 41, 64, 47, 83, 95, 115] <-- Page - 115 | Page Fault Here
[98, 31, 34, -19, 102, 42, 93, -11, 40, 17, 84, 46, 21, 38, 24, 29, 49, 16, 57, 99, 72, 44, 23, 100, 51, 30, 55, 113, 53, 68, 59, 15, 39, 43, 67, 75, 77, 58, 76, 27, 87, 65, 41, 64, 47, 83, 95, 115, 8] <-- Page - 8 | Page Fault Here
[98, 31, 34, -19, 102, 42, 93, -11, 40, 17, 84, 46, 21, 38, 24, 29, 49, 16, 57, 99, 72, 44, 23, 100, 51, 30, 55, 113, 53, 68, 59, 15, 39, 43, 67, 75, 77, 58, 76, 27, 87, 65, 41, 64, 47, 83, 95, 115, 8, 6] <-- Page - 6 | Page Fault Here
[98, 31, -19, 102, 42, 93, -11, 40, 17, 84, 46, 21, 38, 24, 29, 49, 16, 57, 99, 72, 44, 23, 100, 51, 30, 55, 113, 53, 68, 59, 15, 39, 43, 67, 75, 77, 58, 76, 27, 87, 65, 41, 64, 47, 83, 95, 115, 8, 6, 34] <-- Page - 34
[98, 31, -19, 102, 42, 93, -11, 40, 17, 84, 46, 21, 38, 24, 29, 49, 16, 57, 99, 72, 44, 23, 100, 51, 30, 55, 113, 53, 68, 59, 15, 39, 43, 67, 75, 77, 58, 76, 27, 87, 65, 41, 64, 47, 83, 95, 115, 8, 6, 34, 54] <-- Page - 54 | Page Fault Here
[98, 31, -19, 102, 42, 93, -11, 40, 17, 84, 46, 21, 38, 24, 29, 49, 16, 57, 99, 72, 44, 23, 100, 51, 30, 55, 113, 53, 68, 59, 15, 39, 43, 67, 75, 77, 58, 27, 87, 65, 41, 64, 47, 83, 95, 115, 8, 6, 34, 54, 76] <-- Page - 76
[98, 31, -19, 102, 42, 93, -11, 40, 17, 84, 46, 21, 38, 24, 29, 49, 16, 57, 99, 72, 44, 23, 100, 51, 30, 55, 113, 53, 68, 15, 39, 43, 67, 75, 77, 58, 27, 87, 65, 41, 64, 47, 83, 95, 115, 8, 6, 34, 54, 76, 59] <-- Page - 59
[98, 31, -19, 102, 42, 93, -11, 40, 17, 84, 46, 21, 38, 24, 29, 49, 16, 57, 99, 72, 44, 23, 100, 51, 30, 55, 113, 53, 68, 15, 39, 43, 67, 75, 77, 58, 27, 87, 65, 41, 64, 47, 83, 95, 115, 8, 6, 34, 54, 76, 59, -10] <-- Page - -10 | Page Fault Here
[98, 31, -19, 102, 42, 93, -11, 17, 84, 46, 21, 38, 24, 29, 49, 16, 57, 99, 72, 44, 23, 100, 51, 30, 55, 113, 53, 68, 15, 39, 43, 67, 75, 77, 58, 27, 87, 65, 41, 64, 47, 83, 95, 115, 8, 6, 34, 54, 76, 59, -10, 40] <-- Page - 40
[98, 31, -19, 102, 42, 93, -11, 17, 84, 46, 21, 38, 24, 29, 49, 16, 57, 99, 72, 44, 23, 100, 51, 30, 55, 113, 53, 68, 15, 39, 43, 67, 75, 77, 58, 27, 87, 65, 41, 64, 47, 83, 95, 115, 8, 6, 34, 54, 76, 59, -10, 40, 74] <-- Page - 74 | Page Fault Here
[98, 31, -19, 102, 42, 93, -11, 17, 84, 46, 21, 38, 24, 29, 49, 16, 57, 99, 72, 44, 23, 100, 51, 30, 55, 113, 53, 68, 15, 39, 43, 67, 75, 77, 58, 27, 87, 65, 41, 64, 47, 83, 95, 115, 8, 6, 34, 54, 76, 59, -10, 40, 74, 56] <-- Page - 56 | Page Fault Here
[98, 31, -19, 102, 42, 93, -11, 17, 84, 46, 21, 38, 24, 29, 49, 16, 57, 99, 44, 23, 100, 51, 30, 55, 113, 53, 68, 15, 39, 43, 67, 75, 77, 58, 27, 87, 65, 41, 64, 47, 83, 95, 115, 8, 6, 34, 54, 76, 59, -10, 40, 74, 56, 72] <-- Page - 72
[98, 31, -19, 102, 42, 93, -11, 17, 84, 46, 21, 38, 24, 29, 49, 16, 57, 99, 44, 23, 100, 51, 30, 55, 113, 53, 68, 15, 39, 67, 75, 77, 58, 27, 87, 65, 41, 64, 47, 83, 95, 115, 8, 6, 34, 54, 76, 59, -10, 40, 74, 56, 72, 43] <-- Page - 43
[98, 31, -19, 102, 42, 93, -11, 17, 84, 46, 21, 38, 24, 29, 49, 16, 57, 99, 44, 23, 100, 51, 30, 55, 113, 53, 68, 15, 39, 67, 75, 77, 58, 27, 87, 65, 41, 64, 47, 83, 95, 115, 8, 6, 34, 54, 76, 59, -10, 40, 74, 56, 72, 43] <-- Page - 43
[98, 31, -19, 102, 42, 93, -11, 17, 84, 46, 21, 38, 24, 29, 49, 16, 57, 99, 44, 23, 100, 51, 30, 113, 53, 68, 15, 39, 67, 75, 77, 58, 27, 87, 65, 41, 64, 47, 83, 95, 115, 8, 6, 34, 54, 76, 59, -10, 40, 74, 56, 72, 43, 55] <-- Page - 55
[98, 31, -19, 102, 42, 93, -11, 17, 84, 46, 21, 38, 24, 29, 49, 16, 57, 99, 44, 23, 100, 51, 30, 113, 53, 68, 15, 39, 67, 75, 77, 58, 27, 87, 65, 41, 64, 47, 83, 95, 115, 8, 6, 34, 54, 76, 59, -10, 40, 74, 56, 72, 43, 55, 62] <-- Page - 62 | Page Fault Here
[98, 31, -19, 102, 42, 93, -11, 17, 84, 46, 21, 38, 24, 29, 49, 16, 57, 99, 44, 23, 100, 51, 30, 113, 53, 68, 15, 39, 67, 75, 77, 58, 27, 87, 65, 41, 64, 47, 83, 95, 115, 8, 6, 34, 54, 76, 59, -10, 40, 74, 56, 72, 43, 62, 55] <-- Page - 55
[98, 31, -19, 102, 42, 93, -11, 17, 84, 46, 21, 38, 24, 29, 49, 16, 57, 99, 44, 23, 100, 51, 30, 113, 68, 15, 39, 67, 75, 77, 58, 27, 87, 65, 41, 64, 47, 83, 95, 115, 8, 6, 34, 54, 76, 59, -10, 40, 74, 56, 72, 43, 62, 55, 53] <-- Page - 53
[98, 31, -19, 102, 42, 93, -11, 17, 84, 46, 21, 38, 24, 49, 16, 57, 99, 44, 23, 100, 51, 30, 113, 68, 15, 39, 67, 75, 77, 58, 27, 87, 65, 41, 64, 47, 83, 95, 115, 8, 6, 34, 54, 76, 59, -10, 40, 74, 56, 72, 43, 62, 55, 53, 29] <-- Page - 29
[98, 31, -19, 102, 42, 93, -11, 17, 84, 46, 21, 38, 24, 49, 16, 57, 99, 44, 23, 100, 51, 30, 113, 68, 15, 39, 67, 75, 77, 58, 27, 87, 65, 41, 64, 47, 83, 95, 115, 8, 6, 34, 54, 76, 59, -10, 40, 74, 56, 72, 43, 62, 55, 53, 29, 61] <-- Page - 61 | Page Fault Here
[98, 31, -19, 102, 42, 93, -11, 17, 84, 46, 21, 38, 24, 49, 16, 57, 99, 44, 23, 100, 51, 30, 113, 68, 15, 39, 67, 75, 77, 58, 27, 87, 65, 41, 64, 47, 83, 95, 115, 8, 6, 34, 54, 76, 59, -10, 40, 74, 56, 72, 43, 62, 55, 29, 61, 53] <-- Page - 53
[98, 31, -19, 102, 42, 93, -11, 17, 84, 46, 21, 38, 24, 49, 16, 57, 99, 44, 23, 100, 51, 30, 113, 68, 15, 39, 67, 75, 77, 58, 27, 87, 65, 41, 64, 47, 95, 115, 8, 6, 34, 54, 76, 59, -10, 40, 74, 56, 72, 43, 62, 55, 29, 61, 53, 83] <-- Page - 83
[98, 31, -19, 102, 42, 93, -11, 17, 84, 46, 21, 38, 24, 49, 16, 57, 99, 44, 23, 100, 51, 30, 113, 68, 15, 39, 67, 75, 77, 58, 27, 87, 65, 41, 64, 47, 95, 115, 8, 6, 34, 54, 76, 59, -10, 40, 74, 56, 72, 43, 62, 55, 29, 61, 53, 83, 85] <-- Page - 85 | Page Fault Here
[98, 31, -19, 102, 42, 93, -11, 17, 84, 46, 21, 38, 24, 49, 16, 57, 99, 44, 23, 100, 51, 30, 113, 68, 15, 39, 67, 75, 77, 58, 27, 87, 65, 41, 64, 47, 95, 115, 8, 6, 34, 54, 76, 59, -10, 40, 74, 56, 72, 43, 62, 29, 61, 53, 83, 85, 55] <-- Page - 55
[98, 31, -19, 102, 42, 93, -11, 17, 84, 46, 21, 24, 49, 16, 57, 99, 44, 23, 100, 51, 30, 113, 68, 15, 39, 67, 75, 77, 58, 27, 87, 65, 41, 64, 47, 95, 115, 8, 6, 34, 54, 76, 59, -10, 40, 74, 56, 72, 43, 62, 29, 61, 53, 83, 85, 55, 38] <-- Page - 38
[98, 31, -19, 102, 42, 93, -11, 17, 84, 46, 21, 24, 49, 16, 57, 99, 44, 23, 100, 51, 113, 68, 15, 39, 67, 75, 77, 58, 27, 87, 65, 41, 64, 47, 95, 115, 8, 6, 34, 54, 76, 59, -10, 40, 74, 56, 72, 43, 62, 29, 61, 53, 83, 85, 55, 38, 30] <-- Page - 30
[98, 31, -19, 102, 42, 93, -11, 17, 84, 46, 21, 24, 49, 16, 57, 99, 44, 23, 100, 51, 113, 68, 15, 39, 67, 75, 77, 58, 27, 87, 65, 41, 64, 47, 95, 115, 8, 6, 34, 54, 76, 59, -10, 40, 74, 56, 72, 43, 29, 61, 53, 83, 85, 55, 38, 30, 62] <-- Page - 62
[98, 31, -19, 102, 42, 93, -11, 17, 84, 46, 21, 24, 49, 16, 57, 99, 44, 23, 100, 51, 113, 68, 15, 39, 67, 75, 77, 58, 27, 87, 65, 41, 64, 47, 95, 115, 8, 6, 34, 54, 76, 59, -10, 40, 74, 56, 72, 43, 29, 61, 53, 83, 85, 55, 38, 30, 62, 52] <-- Page - 52 | Page Fault Here
[98, 31, -19, 102, 42, 93, -11, 17, 84, 46, 21, 24, 49, 16, 57, 99, 44, 23, 100, 51, 113, 68, 15, 67, 75, 77, 58, 27, 87, 65, 41, 64, 47, 95, 115, 8, 6, 34, 54, 76, 59, -10, 40, 74, 56, 72, 43, 29, 61, 53, 83, 85, 55, 38, 30, 62, 52, 39] <-- Page - 39
[98, 31, -19, 102, 42, 93, -11, 17, 84, 46, 21, 24, 49, 16, 57, 99, 44, 23, 100, 113, 68, 15, 67, 75, 77, 58, 27, 87, 65, 41, 64, 47, 95, 115, 8, 6, 34, 54, 76, 59, -10, 40, 74, 56, 72, 43, 29, 61, 53, 83, 85, 55, 38, 30, 62, 52, 39, 51] <-- Page - 51
[98, -19, 102, 42, 93, -11, 17, 84, 46, 21, 24, 49, 16, 57, 99, 44, 23, 100, 113, 68, 15, 67, 75, 77, 58, 27, 87, 65, 41, 64, 47, 95, 115, 8, 6, 34, 54, 76, 59, -10, 40, 74, 56, 72, 43, 29, 61, 53, 83, 85, 55, 38, 30, 62, 52, 39, 51, 31] <-- Page - 31
[98, -19, 102, 42, 93, -11, 17, 84, 46, 21, 24, 49, 16, 57, 99, 44, 23, 100, 113, 68, 15, 67, 75, 77, 58, 27, 87, 65, 41, 64, 47, 95, 115, 8, 6, 34, 54, 76, 59, -10, 40, 74, 56, 72, 43, 29, 61, 53, 83, 85, 55, 38, 30, 62, 52, 39, 51, 31, 70] <-- Page - 70 | Page Fault Here
[98, -19, 102, 42, 93, -11, 17, 84, 46, 21, 24, 49, 16, 57, 99, 44, 23, 100, 113, 68, 15, 67, 75, 77, 58, 27, 87, 65, 41, 64, 47, 95, 115, 8, 6, 34, 54, 76, 59, -10, 40, 74, 56, 72, 43, 29, 61, 53, 83, 85, 55, 38, 30, 62, 52, 39, 51, 31, 70, 36] <-- Page - 36 | Page Fault Here
[98, -19, 102, 42, 93, -11, 17, 84, 46, 21, 24, 49, 16, 57, 99, 44, 23, 100, 113, 68, 15, 67, 75, 77, 58, 27, 87, 65, 41, 64, 47, 95, 115, 8, 6, 34, 54, 76, 59, -10, 40, 74, 56, 72, 43, 29, 61, 53, 83, 85, 55, 38, 30, 62, 52, 39, 51, 31, 70, 36, 86] <-- Page - 86 | Page Fault Here
[98, -19, 102, 42, 93, -11, 17, 84, 46, 21, 24, 49, 16, 57, 99, 44, 23, 100, 113, 68, 15, 67, 75, 77, 58, 27, 87, 65, 41, 64, 47, 95, 115, 8, 6, 34, 54, 76, 59, -10, 40, 74, 56, 72, 43, 29, 61, 53, 83, 85, 55, 38, 30, 52, 39, 51, 31, 70, 36, 86, 62] <-- Page - 62
[98, -19, 102, 42, 93, -11, 17, 84, 46, 21, 24, 49, 16, 57, 99, 44, 23, 100, 113, 68, 15, 75, 77, 58, 27, 87, 65, 41, 64, 47, 95, 115, 8, 6, 34, 54, 76, 59, -10, 40, 74, 56, 72, 43, 29, 61, 53, 83, 85, 55, 38, 30, 52, 39, 51, 31, 70, 36, 86, 62, 67] <-- Page - 67
[98, -19, 102, 42, 93, -11, 84, 46, 21, 24, 49, 16, 57, 99, 44, 23, 100, 113, 68, 15, 75, 77, 58, 27, 87, 65, 41, 64, 47, 95, 115, 8, 6, 34, 54, 76, 59, -10, 40, 74, 56, 72, 43, 29, 61, 53, 83, 85, 55, 38, 30, 52, 39, 51, 31, 70, 36, 86, 62, 67, 17] <-- Page - 17
[98, -19, 102, 42, 93, -11, 84, 46, 21, 24, 49, 16, 57, 99, 44, 23, 100, 113, 68, 15, 75, 77, 58, 27, 87, 65, 41, 64, 47, 95, 115, 8, 6, 34, 54, 76, 59, -10, 40, 74, 56, 72, 43, 29, 61, 53, 83, 85, 38, 30, 52, 39, 51, 31, 70, 36, 86, 62, 67, 17, 55] <-- Page - 55
[98, -19, 102, 42, 93, -11, 84, 46, 21, 24, 49, 16, 57, 99, 44, 23, 100, 113, 68, 15, 75, 77, 58, 27, 87, 65, 41, 64, 47, 95, 115, 8, 6, 34, 54, 76, 59, -10, 40, 74, 56, 43, 29, 61, 53, 83, 85, 38, 30, 52, 39, 51, 31, 70, 36, 86, 62, 67, 17, 55, 72] <-- Page - 72
[98, -19, 102, 42, 93, -11, 84, 46, 24, 49, 16, 57, 99, 44, 23, 100, 113, 68, 15, 75, 77, 58, 27, 87, 65, 41, 64, 47, 95, 115, 8, 6, 34, 54, 76, 59, -10, 40, 74, 56, 43, 29, 61, 53, 83, 85, 38, 30, 52, 39, 51, 31, 70, 36, 86, 62, 67, 17, 55, 72, 21] <-- Page - 21
[98, -19, 102, 93, -11, 84, 46, 24, 49, 16, 57, 99, 44, 23, 100, 113, 68, 15, 75, 77, 58, 27, 87, 65, 41, 64, 47, 95, 115, 8, 6, 34, 54, 76, 59, -10, 40, 74, 56, 43, 29, 61, 53, 83, 85, 38, 30, 52, 39, 51, 31, 70, 36, 86, 62, 67, 17, 55, 72, 21, 42] <-- Page - 42
[98, -19, 102, 93, -11, 84, 46, 24, 49, 16, 57, 99, 44, 23, 100, 113, 68, 15, 75, 77, 58, 27, 87, 65, 41, 64, 47, 95, 115, 8, 6, 34, 54, 76, 59, -10, 40, 74, 56, 43, 29, 61, 53, 83, 85, 38, 30, 52, 39, 51, 31, 70, 36, 86, 62, 67, 17, 55, 72, 21, 42, 50] <-- Page - 50 | Page Fault Here
[98, -19, 102, 93, -11, 84, 46, 24, 49, 16, 57, 99, 44, 23, 100, 113, 68, 15, 75, 77, 58, 27, 87, 65, 41, 64, 47, 95, 115, 6, 34, 54, 76, 59, -10, 40, 74, 56, 43, 29, 61, 53, 83, 85, 38, 30, 52, 39, 51, 31, 70, 36, 86, 62, 67, 17, 55, 72, 21, 42, 50, 8] <-- Page - 8
[98, -19, 102, 93, -11, 84, 46, 24, 49, 16, 57, 99, 44, 23, 100, 113, 68, 15, 75, 77, 58, 27, 87, 65, 41, 64, 47, 95, 115, 6, 34, 54, 76, -10, 40, 74, 56, 43, 29, 61, 53, 83, 85, 38, 30, 52, 39, 51, 31, 70, 36, 86, 62, 67, 17, 55, 72, 21, 42, 50, 8, 59] <-- Page - 59
[98, -19, 102, 93, -11, 84, 46, 24, 49, 16, 57, 99, 44, 23, 100, 113, 68, 15, 77, 58, 27, 87, 65, 41, 64, 47, 95, 115, 6, 34, 54, 76, -10, 40, 74, 56, 43, 29, 61, 53, 83, 85, 38, 30, 52, 39, 51, 31, 70, 36, 86, 62, 67, 17, 55, 72, 21, 42, 50, 8, 59, 75] <-- Page - 75
[98, -19, 102, 93, -11, 84, 46, 49, 16, 57, 99, 44, 23, 100, 113, 68, 15, 77, 58, 27, 87, 65, 41, 64, 47, 95, 115, 6, 34, 54, 76, -10, 40, 74, 56, 43, 29, 61, 53, 83, 85, 38, 30, 52, 39, 51, 31, 70, 36, 86, 62, 67, 17, 55, 72, 21, 42, 50, 8, 59, 75, 24] <-- Page - 24
[98, -19, 102, 93, -11, 84, 46, 49, 16, 57, 99, 44, 23, 100, 113, 68, 15, 77, 58, 27, 87, 65, 41, 64, 47, 95, 115, 6, 34, 54, 76, -10, 40, 74, 56, 43, 29, 61, 53, 83, 85, 38, 30, 52, 39, 51, 31, 70, 36, 86, 62, 67, 17, 55, 72, 21, 42, 50, 8, 59, 75, 24, 60] <-- Page - 60 | Page Fault Here
[98, -19, 102, 93, -11, 84, 46, 49, 16, 57, 99, 44, 23, 100, 113, 68, 15, 77, 58, 27, 87, 65, 41, 64, 47, 95, 115, 6, 34, 54, 76, -10, 40, 74, 56, 43, 29, 61, 53, 83, 85, 38, 30, 52, 39, 51, 31, 70, 36, 86, 62, 67, 17, 55, 72, 21, 42, 50, 8, 59, 75, 24, 60, 10] <-- Page - 10 | Page Fault Here
[98, -19, 102, 93, -11, 84, 46, 49, 16, 57, 99, 44, 23, 100, 113, 68, 15, 77, 58, 27, 87, 65, 41, 64, 47, 95, 115, 6, 34, 54, 76, -10, 40, 74, 56, 43, 29, 61, 53, 83, 85, 38, 30, 52, 39, 51, 31, 70, 36, 86, 62, 67, 17, 55, 72, 21, 42, 50, 8, 59, 75, 24, 60, 10, 48] <-- Page - 48 | Page Fault Here
[98, -19, 102, 93, -11, 84, 46, 49, 16, 57, 99, 44, 23, 100, 113, 68, 15, 77, 58, 27, 87, 65, 41, 64, 47, 95, 115, 6, 34, 54, 76, -10, 40, 74, 56, 43, 29, 61, 53, 83, 85, 38, 30, 52, 39, 51, 31, 70, 36, 86, 62, 67, 17, 55, 72, 21, 42, 50, 8, 59, 75, 24, 60, 10, 48, 1] <-- Page - 1 | Page Fault Here
[98, -19, 102, 93, -11, 84, 46, 49, 16, 57, 99, 44, 23, 100, 113, 68, 15, 77, 58, 27, 87, 65, 41, 64, 47, 95, 115, 6, 34, 54, 76, -10, 40, 74, 56, 43, 29, 61, 53, 85, 38, 30, 52, 39, 51, 31, 70, 36, 86, 62, 67, 17, 55, 72, 21, 42, 50, 8, 59, 75, 24, 60, 10, 48, 1, 83] <-- Page - 83
[98, -19, 102, 93, -11, 84, 46, 49, 16, 57, 99, 44, 23, 100, 113, 68, 15, 77, 58, 27, 87, 65, 41, 64, 47, 95, 115, 6, 34, 54, 76, -10, 40, 74, 56, 43, 29, 61, 53, 85, 38, 30, 52, 39, 51, 31, 70, 36, 86, 67, 17, 55, 72, 21, 42, 50, 8, 59, 75, 24, 60, 10, 48, 1, 83, 62] <-- Page - 62
[98, -19, 102, 93, -11, 84, 46, 16, 57, 99, 44, 23, 100, 113, 68, 15, 77, 58, 27, 87, 65, 41, 64, 47, 95, 115, 6, 34, 54, 76, -10, 40, 74, 56, 43, 29, 61, 53, 85, 38, 30, 52, 39, 51, 31, 70, 36, 86, 67, 17, 55, 72, 21, 42, 50, 8, 59, 75, 24, 60, 10, 48, 1, 83, 62, 49] <-- Page - 49
[98, -19, 102, 93, -11, 84, 46, 16, 57, 99, 44, 23, 100, 113, 68, 15, 77, 58, 27, 87, 65, 41, 64, 47, 95, 115, 6, 34, 54, 76, -10, 40, 74, 56, 43, 29, 61, 53, 85, 38, 30, 52, 39, 51, 31, 70, 36, 86, 67, 17, 55, 72, 21, 42, 50, 8, 59, 75, 24, 60, 10, 48, 1, 83, 62, 49, 26] <-- Page - 26 | Page Fault Here
[98, -19, 102, 93, -11, 84, 46, 16, 57, 99, 44, 23, 100, 113, 68, 15, 77, 58, 27, 87, 65, 41, 64, 47, 95, 115, 6, 34, 54, 76, -10, 40, 74, 56, 43, 29, 61, 53, 85, 38, 30, 52, 39, 51, 31, 70, 36, 86, 67, 17, 55, 72, 21, 42, 50, 8, 59, 75, 24, 60, 10, 48, 1, 83, 62, 49, 26, 88] <-- Page - 88 | Page Fault Here
[98, -19, 102, 93, -11, 84, 46, 16, 57, 99, 44, 23, 100, 113, 68, 15, 77, 58, 27, 87, 65, 41, 64, 47, 95, 115, 6, 34, 54, 76, -10, 40, 74, 56, 43, 29, 61, 53, 85, 38, 30, 52, 39, 51, 31, 70, 36, 86, 67, 17, 55, 72, 21, 42, 50, 8, 59, 75, 24, 60, 10, 48, 1, 83, 62, 49, 26, 88, 109] <-- Page - 109 | Page Fault Here
[98, -19, 102, 93, -11, 84, 46, 16, 57, 99, 44, 23, 100, 113, 68, 15, 77, 58, 27, 87, 65, 41, 64, 47, 95, 115, 6, 34, 54, 76, -10, 40, 74, 56, 43, 29, 61, 53, 85, 38, 30, 52, 39, 51, 31, 70, 36, 86, 67, 17, 55, 72, 21, 42, 50, 8, 59, 75, 24, 60, 10, 48, 1, 83, 62, 49, 26, 88, 109, -5] <-- Page - -5 | Page Fault Here
[98, -19, 102, 93, -11, 84, 46, 16, 57, 99, 44, 23, 100, 113, 68, 15, 77, 58, 27, 65, 41, 64, 47, 95, 115, 6, 34, 54, 76, -10, 40, 74, 56, 43, 29, 61, 53, 85, 38, 30, 52, 39, 51, 31, 70, 36, 86, 67, 17, 55, 72, 21, 42, 50, 8, 59, 75, 24, 60, 10, 48, 1, 83, 62, 49, 26, 88, 109, -5, 87] <-- Page - 87
[-19, 102, 93, -11, 84, 46, 16, 57, 99, 44, 23, 100, 113, 68, 15, 77, 58, 27, 65, 41, 64, 47, 95, 115, 6, 34, 54, 76, -10, 40, 74, 56, 43, 29, 61, 53, 85, 38, 30, 52, 39, 51, 31, 70, 36, 86, 67, 17, 55, 72, 21, 42, 50, 8, 59, 75, 24, 60, 10, 48, 1, 83, 62, 49, 26, 88, 109, -5, 87, 98] <-- Page - 98
[-19, 102, 93, -11, 84, 46, 16, 57, 99, 44, 23, 100, 113, 68, 15, 77, 58, 27, 65, 41, 64, 47, 95, 115, 6, 34, 54, 76, -10, 40, 74, 56, 43, 29, 61, 53, 85, 38, 30, 52, 39, 51, 31, 70, 36, 86, 67, 17, 55, 72, 21, 42, 50, 8, 59, 75, 24, 10, 48, 1, 83, 62, 49, 26, 88, 109, -5, 87, 98, 60] <-- Page - 60
[-19, 102, 93, -11, 84, 46, 16, 57, 99, 44, 23, 100, 113, 68, 15, 77, 58, 27, 65, 41, 64, 47, 95, 115, 6, 34, 54, 76, -10, 40, 74, 56, 43, 29, 61, 53, 85, 38, 30, 52, 39, 51, 31, 70, 36, 86, 67, 17, 55, 72, 21, 42, 50, 8, 59, 75, 24, 10, 48, 1, 83, 62, 49, 26, 88, 109, -5, 87, 98, 60, 14] <-- Page - 14 | Page Fault Here
[-19, 102, 93, -11, 84, 46, 16, 57, 99, 44, 23, 100, 113, 68, 15, 77, 58, 27, 65, 41, 64, 47, 95, 115, 6, 34, 54, 76, -10, 40, 74, 56, 43, 29, 61, 53, 85, 38, 30, 52, 39, 51, 31, 70, 36, 86, 67, 17, 55, 72, 21, 42, 50, 8, 59, 24, 10, 48, 1, 83, 62, 49, 26, 88, 109, -5, 87, 98, 60, 14, 75] <-- Page - 75
[-19, 102, 93, -11, 84, 46, 16, 57, 99, 23, 100, 113, 68, 15, 77, 58, 27, 65, 41, 64, 47, 95, 115, 6, 34, 54, 76, -10, 40, 74, 56, 43, 29, 61, 53, 85, 38, 30, 52, 39, 51, 31, 70, 36, 86, 67, 17, 55, 72, 21, 42, 50, 8, 59, 24, 10, 48, 1, 83, 62, 49, 26, 88, 109, -5, 87, 98, 60, 14, 75, 44] <-- Page - 44
[-19, 102, 93, -11, 84, 46, 16, 57, 99, 23, 100, 113, 68, 15, 77, 58, 27, 65, 41, 64, 47, 95, 115, 6, 34, 54, 76, -10, 40, 74, 56, 43, 29, 61, 53, 85, 38, 30, 52, 39, 51, 70, 36, 86, 67, 17, 55, 72, 21, 42, 50, 8, 59, 24, 10, 48, 1, 83, 62, 49, 26, 88, 109, -5, 87, 98, 60, 14, 75, 44, 31] <-- Page - 31
[-19, 102, 93, -11, 84, 46, 16, 57, 99, 23, 100, 113, 68, 15, 77, 58, 27, 65, 41, 64, 47, 95, 115, 6, 34, 54, 76, -10, 40, 74, 56, 43, 29, 61, 53, 85, 38, 30, 52, 39, 51, 70, 36, 86, 67, 17, 55, 72, 21, 42, 50, 8, 59, 24, 10, 48, 1, 83, 62, 49, 26, 88, 109, -5, 87, 98, 60, 14, 75, 44, 31, 13] <-- Page - 13 | Page Fault Here
[-19, 102, 93, -11, 84, 46, 16, 57, 99, 23, 100, 113, 68, 15, 77, 58, 27, 65, 41, 64, 47, 95, 115, 6, 34, 54, 76, -10, 40, 74, 56, 43, 29, 61, 53, 85, 38, 30, 52, 39, 51, 70, 36, 86, 67, 17, 55, 72, 21, 42, 50, 8, 59, 24, 10, 48, 1, 83, 62, 49, 26, 88, 109, -5, 87, 98, 60, 14, 75, 44, 31, 13, 66] <-- Page - 66 | Page Fault Here
[-19, 102, 93, -11, 84, 46, 16, 57, 99, 23, 100, 113, 68, 15, 77, 58, 27, 65, 41, 64, 47, 95, 115, 6, 34, 54, 76, -10, 40, 74, 56, 43, 29, 61, 53, 85, 38, 30, 52, 39, 51, 70, 36, 86, 67, 17, 55, 72, 21, 42, 50, 8, 59, 24, 10, 48, 1, 83, 62, 49, 26, 88, 109, -5, 87, 98, 60, 14, 75, 44, 31, 13, 66, 73] <-- Page - 73 | Page Fault Here
[-19, 102, 93, -11, 84, 46, 16, 57, 99, 23, 100, 113, 68, 15, 77, 58, 27, 65, 41, 64, 47, 95, 115, 6, 34, 54, 76, -10, 40, 74, 56, 43, 29, 61, 53, 85, 38, 30, 52, 39, 51, 70, 36, 86, 67, 17, 55, 72, 21, 42, 50, 8, 59, 24, 10, 48, 1, 83, 62, 49, 26, 88, 109, -5, 87, 98, 60, 14, 75, 44, 13, 66, 73, 31] <-- Page - 31
[-19, 102, 93, -11, 84, 46, 16, 57, 99, 23, 100, 113, 68, 15, 77, 58, 27, 41, 64, 47, 95, 115, 6, 34, 54, 76, -10, 40, 74, 56, 43, 29, 61, 53, 85, 38, 30, 52, 39, 51, 70, 36, 86, 67, 17, 55, 72, 21, 42, 50, 8, 59, 24, 10, 48, 1, 83, 62, 49, 26, 88, 109, -5, 87, 98, 60, 14, 75, 44, 13, 66, 73, 31, 65] <-- Page - 65
[-19, 102, 93, -11, 84, 46, 16, 57, 99, 23, 100, 113, 68, 77, 58, 27, 41, 64, 47, 95, 115, 6, 34, 54, 76, -10, 40, 74, 56, 43, 29, 61, 53, 85, 38, 30, 52, 39, 51, 70, 36, 86, 67, 17, 55, 72, 21, 42, 50, 8, 59, 24, 10, 48, 1, 83, 62, 49, 26, 88, 109, -5, 87, 98, 60, 14, 75, 44, 13, 66, 73, 31, 65, 15] <-- Page - 15
[-19, 102, 93, -11, 84, 46, 16, 57, 99, 23, 100, 113, 68, 77, 58, 27, 41, 64, 47, 95, 115, 6, 34, 54, 76, -10, 40, 56, 43, 29, 61, 53, 85, 38, 30, 52, 39, 51, 70, 36, 86, 67, 17, 55, 72, 21, 42, 50, 8, 59, 24, 10, 48, 1, 83, 62, 49, 26, 88, 109, -5, 87, 98, 60, 14, 75, 44, 13, 66, 73, 31, 65, 15, 74] <-- Page - 74
[-19, 102, 93, -11, 84, 46, 16, 57, 99, 23, 100, 113, 68, 77, 58, 27, 41, 64, 47, 95, 115, 6, 34, 54, 76, -10, 40, 56, 43, 29, 61, 53, 85, 38, 30, 52, 39, 70, 36, 86, 67, 17, 55, 72, 21, 42, 50, 8, 59, 24, 10, 48, 1, 83, 62, 49, 26, 88, 109, -5, 87, 98, 60, 14, 75, 44, 13, 66, 73, 31, 65, 15, 74, 51] <-- Page - 51
[-19, 102, 93, -11, 84, 46, 16, 57, 99, 23, 100, 113, 68, 77, 58, 27, 41, 64, 47, 95, 115, 6, 34, 54, 76, -10, 40, 56, 43, 29, 61, 53, 85, 38, 30, 52, 39, 70, 36, 86, 67, 17, 55, 72, 21, 42, 50, 8, 59, 24, 10, 48, 1, 83, 62, 49, 26, 88, 109, -5, 87, 98, 60, 14, 75, 13, 66, 73, 31, 65, 15, 74, 51, 44] <-- Page - 44
[-19, 102, 93, -11, 84, 16, 57, 99, 23, 100, 113, 68, 77, 58, 27, 41, 64, 47, 95, 115, 6, 34, 54, 76, -10, 40, 56, 43, 29, 61, 53, 85, 38, 30, 52, 39, 70, 36, 86, 67, 17, 55, 72, 21, 42, 50, 8, 59, 24, 10, 48, 1, 83, 62, 49, 26, 88, 109, -5, 87, 98, 60, 14, 75, 13, 66, 73, 31, 65, 15, 74, 51, 44, 46] <-- Page - 46
[-19, 102, 93, -11, 84, 16, 57, 99, 23, 100, 113, 68, 77, 58, 27, 41, 64, 47, 95, 115, 6, 34, 54, -10, 40, 56, 43, 29, 61, 53, 85, 38, 30, 52, 39, 70, 36, 86, 67, 17, 55, 72, 21, 42, 50, 8, 59, 24, 10, 48, 1, 83, 62, 49, 26, 88, 109, -5, 87, 98, 60, 14, 75, 13, 66, 73, 31, 65, 15, 74, 51, 44, 46, 76] <-- Page - 76
[-19, 102, 93, -11, 84, 16, 57, 99, 23, 100, 113, 68, 77, 58, 27, 41, 64, 47, 95, 115, 6, 34, 54, -10, 40, 56, 43, 29, 61, 53, 85, 38, 30, 52, 39, 70, 36, 86, 67, 17, 55, 21, 42, 50, 8, 59, 24, 10, 48, 1, 83, 62, 49, 26, 88, 109, -5, 87, 98, 60, 14, 75, 13, 66, 73, 31, 65, 15, 74, 51, 44, 46, 76, 72] <-- Page - 72
[-19, 102, 93, -11, 84, 16, 57, 99, 23, 100, 113, 68, 77, 58, 27, 41, 64, 47, 95, 115, 6, 34, 54, -10, 40, 56, 43, 29, 61, 53, 85, 38, 30, 52, 39, 70, 36, 86, 67, 17, 55, 21, 42, 50, 8, 59, 24, 10, 48, 1, 83, 62, 49, 26, 88, 109, -5, 87, 98, 60, 14, 75, 13, 66, 73, 31, 15, 74, 51, 44, 46, 76, 72, 65] <-- Page - 65
[-19, 102, 93, -11, 84, 16, 57, 99, 23, 100, 113, 68, 77, 58, 27, 41, 64, 47, 95, 115, 6, 34, -10, 40, 56, 43, 29, 61, 53, 85, 38, 30, 52, 39, 70, 36, 86, 67, 17, 55, 21, 42, 50, 8, 59, 24, 10, 48, 1, 83, 62, 49, 26, 88, 109, -5, 87, 98, 60, 14, 75, 13, 66, 73, 31, 15, 74, 51, 44, 46, 76, 72, 65, 54] <-- Page - 54
[-19, 102, 93, -11, 84, 16, 57, 99, 23, 100, 113, 68, 77, 58, 27, 41, 64, 47, 95, 115, 6, 34, -10, 40, 56, 43, 29, 61, 53, 85, 38, 30, 39, 70, 36, 86, 67, 17, 55, 21, 42, 50, 8, 59, 24, 10, 48, 1, 83, 62, 49, 26, 88, 109, -5, 87, 98, 60, 14, 75, 13, 66, 73, 31, 15, 74, 51, 44, 46, 76, 72, 65, 54, 52] <-- Page - 52
[-19, 102, 93, -11, 84, 16, 57, 99, 23, 100, 113, 77, 58, 27, 41, 64, 47, 95, 115, 6, 34, -10, 40, 56, 43, 29, 61, 53, 85, 38, 30, 39, 70, 36, 86, 67, 17, 55, 21, 42, 50, 8, 59, 24, 10, 48, 1, 83, 62, 49, 26, 88, 109, -5, 87, 98, 60, 14, 75, 13, 66, 73, 31, 15, 74, 51, 44, 46, 76, 72, 65, 54, 52, 68] <-- Page - 68
[-19, 102, 93, -11, 84, 16, 57, 99, 23, 100, 113, 77, 58, 27, 41, 64, 47, 95, 115, 6, 34, -10, 40, 43, 29, 61, 53, 85, 38, 30, 39, 70, 36, 86, 67, 17, 55, 21, 42, 50, 8, 59, 24, 10, 48, 1, 83, 62, 49, 26, 88, 109, -5, 87, 98, 60, 14, 75, 13, 66, 73, 31, 15, 74, 51, 44, 46, 76, 72, 65, 54, 52, 68, 56] <-- Page - 56
[-19, 102, 93, -11, 84, 16, 57, 99, 23, 100, 113, 77, 58, 27, 41, 64, 47, 95, 115, 6, 34, -10, 40, 43, 29, 61, 53, 85, 38, 30, 39, 36, 86, 67, 17, 55, 21, 42, 50, 8, 59, 24, 10, 48, 1, 83, 62, 49, 26, 88, 109, -5, 87, 98, 60, 14, 75, 13, 66, 73, 31, 15, 74, 51, 44, 46, 76, 72, 65, 54, 52, 68, 56, 70] <-- Page - 70
[-19, 102, 93, -11, 84, 16, 57, 99, 23, 100, 113, 77, 58, 27, 41, 64, 47, 95, 115, 6, 34, -10, 43, 29, 61, 53, 85, 38, 30, 39, 36, 86, 67, 17, 55, 21, 42, 50, 8, 59, 24, 10, 48, 1, 83, 62, 49, 26, 88, 109, -5, 87, 98, 60, 14, 75, 13, 66, 73, 31, 15, 74, 51, 44, 46, 76, 72, 65, 54, 52, 68, 56, 70, 40] <-- Page - 40
[-19, 102, 93, -11, 84, 16, 57, 99, 23, 100, 113, 77, 58, 27, 41, 64, 47, 95, 115, 6, 34, -10, 43, 29, 61, 53, 85, 38, 30, 39, 36, 86, 67, 17, 55, 21, 42, 50, 8, 59, 24, 10, 48, 1, 83, 62, 49, 26, 88, 109, -5, 87, 98, 60, 14, 75, 13, 66, 73, 31, 15, 74, 51, 44, 46, 76, 72, 65, 54, 52, 68, 56, 70, 40, -23] <-- Page - -23 | Page Fault Here
[-19, 102, 93, -11, 84, 16, 57, 99, 23, 100, 113, 77, 58, 27, 41, 64, 47, 95, 115, 6, 34, -10, 43, 29, 61, 53, 85, 38, 30, 39, 36, 86, 67, 17, 55, 21, 42, 50, 8, 59, 24, 10, 48, 1, 83, 62, 49, 26, 88, 109, -5, 87, 98, 60, 14, 75, 13, 66, 73, 31, 15, 74, 51, 44, 46, 76, 72, 65, 54, 52, 68, 56, 70, 40, -23, 81] <-- Page - 81 | Page Fault Here
[-19, 102, 93, -11, 84, 16, 57, 99, 23, 100, 113, 77, 58, 27, 41, 64, 47, 95, 6, 34, -10, 43, 29, 61, 53, 85, 38, 30, 39, 36, 86, 67, 17, 55, 21, 42, 50, 8, 59, 24, 10, 48, 1, 83, 62, 49, 26, 88, 109, -5, 87, 98, 60, 14, 75, 13, 66, 73, 31, 15, 74, 51, 44, 46, 76, 72, 65, 54, 52, 68, 56, 70, 40, -23, 81, 115] <-- Page - 115
[-19, 102, 93, -11, 84, 16, 57, 99, 23, 100, 113, 77, 58, 27, 41, 64, 47, 95, 6, 34, -10, 43, 29, 61, 53, 85, 38, 30, 39, 36, 86, 67, 17, 55, 21, 42, 50, 8, 59, 24, 10, 48, 1, 83, 62, 49, 26, 88, 109, -5, 87, 98, 60, 14, 75, 13, 66, 73, 31, 15, 74, 51, 44, 46, 76, 72, 65, 54, 52, 68, 56, 70, 40, -23, 81, 115, 63] <-- Page - 63 | Page Fault Here
[-19, 102, 93, -11, 84, 16, 57, 99, 23, 100, 113, 77, 58, 27, 41, 64, 47, 95, 6, 34, -10, 43, 29, 61, 53, 85, 38, 30, 39, 36, 86, 67, 17, 55, 21, 42, 50, 8, 59, 24, 10, 48, 1, 83, 62, 49, 26, 88, 109, -5, 87, 98, 60, 14, 75, 13, 66, 73, 31, 15, 74, 51, 44, 76, 72, 65, 54, 52, 68, 56, 70, 40, -23, 81, 115, 63, 46] <-- Page - 46
[-19, 102, 93, -11, 84, 16, 57, 99, 23, 100, 113, 77, 58, 27, 41, 64, 47, 95, 6, 34, -10, 43, 29, 61, 53, 85, 38, 30, 39, 36, 86, 67, 17, 55, 21, 42, 50, 8, 59, 24, 10, 48, 1, 83, 62, 49, 26, 88, 109, -5, 87, 98, 60, 14, 75, 13, 66, 73, 31, 15, 74, 51, 44, 76, 72, 65, 54, 52, 68, 56, 70, 40, -23, 81, 115, 63, 46, 45] <-- Page - 45 | Page Fault Here
[-19, 102, 93, -11, 84, 16, 57, 99, 23, 100, 113, 77, 58, 27, 41, 64, 47, 95, 6, 34, -10, 43, 29, 61, 53, 85, 38, 30, 39, 36, 86, 67, 17, 55, 21, 42, 50, 8, 59, 24, 10, 48, 1, 83, 62, 49, 26, 88, 109, -5, 87, 98, 60, 14, 75, 13, 66, 73, 31, 15, 74, 51, 44, 76, 72, 65, 54, 52, 68, 56, 70, 40, -23, 81, 115, 63, 45, 46] <-- Page - 46
[-19, 102, 93, -11, 84, 16, 57, 99, 23, 100, 113, 77, 58, 27, 41, 64, 47, 95, 6, 34, -10, 43, 29, 61, 53, 85, 38, 30, 39, 36, 86, 67, 17, 55, 21, 42, 8, 59, 24, 10, 48, 1, 83, 62, 49, 26, 88, 109, -5, 87, 98, 60, 14, 75, 13, 66, 73, 31, 15, 74, 51, 44, 76, 72, 65, 54, 52, 68, 56, 70, 40, -23, 81, 115, 63, 45, 46, 50] <-- Page - 50
[-19, 102, 93, -11, 84, 57, 99, 23, 100, 113, 77, 58, 27, 41, 64, 47, 95, 6, 34, -10, 43, 29, 61, 53, 85, 38, 30, 39, 36, 86, 67, 17, 55, 21, 42, 8, 59, 24, 10, 48, 1, 83, 62, 49, 26, 88, 109, -5, 87, 98, 60, 14, 75, 13, 66, 73, 31, 15, 74, 51, 44, 76, 72, 65, 54, 52, 68, 56, 70, 40, -23, 81, 115, 63, 45, 46, 50, 16] <-- Page - 16
[-19, 102, 93, -11, 84, 57, 99, 23, 100, 113, 77, 58, 27, 41, 64, 47, 95, 6, -10, 43, 29, 61, 53, 85, 38, 30, 39, 36, 86, 67, 17, 55, 21, 42, 8, 59, 24, 10, 48, 1, 83, 62, 49, 26, 88, 109, -5, 87, 98, 60, 14, 75, 13, 66, 73, 31, 15, 74, 51, 44, 76, 72, 65, 54, 52, 68, 56, 70, 40, -23, 81, 115, 63, 45, 46, 50, 16, 34] <-- Page - 34
[-19, 102, 93, -11, 84, 57, 99, 23, 100, 113, 77, 58, 27, 41, 64, 47, 95, 6, -10, 43, 29, 61, 53, 85, 38, 30, 39, 36, 86, 67, 17, 55, 21, 42, 8, 59, 24, 10, 48, 1, 83, 62, 49, 26, 88, 109, -5, 87, 98, 60, 14, 75, 13, 66, 73, 31, 15, 74, 51, 44, 76, 72, 65, 54, 52, 68, 56, 70, 40, -23, 81, 115, 63, 45, 46, 50, 16, 34, 20] <-- Page - 20 | Page Fault Here
[-19, 102, 93, -11, 84, 99, 23, 100, 113, 77, 58, 27, 41, 64, 47, 95, 6, -10, 43, 29, 61, 53, 85, 38, 30, 39, 36, 86, 67, 17, 55, 21, 42, 8, 59, 24, 10, 48, 1, 83, 62, 49, 26, 88, 109, -5, 87, 98, 60, 14, 75, 13, 66, 73, 31, 15, 74, 51, 44, 76, 72, 65, 54, 52, 68, 56, 70, 40, -23, 81, 115, 63, 45, 46, 50, 16, 34, 20, 57] <-- Page - 57
[-19, 102, 93, -11, 84, 99, 23, 100, 113, 77, 58, 27, 64, 47, 95, 6, -10, 43, 29, 61, 53, 85, 38, 30, 39, 36, 86, 67, 17, 55, 21, 42, 8, 59, 24, 10, 48, 1, 83, 62, 49, 26, 88, 109, -5, 87, 98, 60, 14, 75, 13, 66, 73, 31, 15, 74, 51, 44, 76, 72, 65, 54, 52, 68, 56, 70, 40, -23, 81, 115, 63, 45, 46, 50, 16, 34, 20, 57, 41] <-- Page - 41
[-19, 102, 93, -11, 84, 99, 23, 100, 113, 77, 58, 27, 47, 95, 6, -10, 43, 29, 61, 53, 85, 38, 30, 39, 36, 86, 67, 17, 55, 21, 42, 8, 59, 24, 10, 48, 1, 83, 62, 49, 26, 88, 109, -5, 87, 98, 60, 14, 75, 13, 66, 73, 31, 15, 74, 51, 44, 76, 72, 65, 54, 52, 68, 56, 70, 40, -23, 81, 115, 63, 45, 46, 50, 16, 34, 20, 57, 41, 64] <-- Page - 64
[-19, 102, 93, -11, 84, 99, 23, 100, 113, 77, 58, 27, 47, 95, 6, -10, 43, 29, 61, 53, 85, 38, 30, 39, 36, 86, 67, 17, 55, 21, 42, 8, 59, 24, 10, 48, 1, 83, 62, 49, 26, 88, 109, -5, 87, 98, 60, 14, 75, 13, 66, 73, 31, 15, 74, 51, 76, 72, 65, 54, 52, 68, 56, 70, 40, -23, 81, 115, 63, 45, 46, 50, 16, 34, 20, 57, 41, 64, 44] <-- Page - 44
[-19, 102, 93, -11, 84, 99, 23, 100, 113, 77, 58, 27, 47, 95, 6, -10, 43, 29, 61, 53, 85, 38, 30, 39, 36, 86, 67, 17, 55, 21, 42, 8, 59, 24, 10, 48, 1, 83, 62, 49, 26, 88, 109, -5, 87, 98, 60, 14, 75, 13, 66, 73, 31, 15, 74, 51, 76, 72, 65, 54, 52, 68, 56, 70, 40, -23, 81, 115, 63, 45, 46, 50, 16, 34, 20, 57, 41, 64, 44, 79] <-- Page - 79 | Page Fault Here
[-19, 102, 93, -11, 84, 99, 23, 100, 113, 77, 58, 27, 47, 95, 6, -10, 43, 29, 61, 53, 85, 38, 30, 39, 36, 86, 67, 17, 55, 21, 42, 8, 59, 24, 10, 48, 1, 83, 62, 49, 26, 88, 109, -5, 87, 98, 60, 14, 75, 13, 66, 73, 31, 15, 74, 51, 76, 72, 65, 54, 52, 68, 70, 40, -23, 81, 115, 63, 45, 46, 50, 16, 34, 20, 57, 41, 64, 44, 79, 56] <-- Page - 56
[-19, 102, 93, -11, 84, 99, 23, 100, 113, 77, 58, 27, 47, 95, 6, -10, 43, 29, 61, 53, 85, 38, 30, 39, 36, 86, 67, 17, 55, 21, 42, 8, 59, 24, 10, 48, 1, 83, 62, 49, 26, 88, 109, -5, 87, 98, 60, 14, 75, 13, 66, 73, 31, 15, 74, 51, 76, 72, 65, 54, 52, 68, 70, 40, -23, 81, 63, 45, 46, 50, 16, 34, 20, 57, 41, 64, 44, 79, 56, 115] <-- Page - 115
[-19, 102, 93, -11, 84, 99, 23, 100, 113, 77, 58, 27, 47, 95, 6, -10, 43, 29, 61, 53, 85, 38, 30, 39, 36, 86, 67, 17, 55, 21, 42, 8, 59, 24, 10, 48, 1, 83, 62, 49, 26, 88, 109, -5, 87, 98, 60, 14, 75, 13, 66, 73, 31, 15, 74, 51, 76, 72, 65, 54, 52, 68, 70, 40, -23, 81, 63, 45, 46, 50, 16, 34, 20, 57, 41, 64, 44, 79, 56, 115, -6] <-- Page - -6 | Page Fault Here
[-19, 102, 93, -11, 84, 99, 23, 100, 113, 77, 58, 27, 47, 95, 6, -10, 43, 29, 61, 53, 85, 38, 39, 36, 86, 67, 17, 55, 21, 42, 8, 59, 24, 10, 48, 1, 83, 62, 49, 26, 88, 109, -5, 87, 98, 60, 14, 75, 13, 66, 73, 31, 15, 74, 51, 76, 72, 65, 54, 52, 68, 70, 40, -23, 81, 63, 45, 46, 50, 16, 34, 20, 57, 41, 64, 44, 79, 56, 115, -6, 30] <-- Page - 30
[-19, 102, 93, -11, 84, 99, 23, 100, 113, 58, 27, 47, 95, 6, -10, 43, 29, 61, 53, 85, 38, 39, 36, 86, 67, 17, 55, 21, 42, 8, 59, 24, 10, 48, 1, 83, 62, 49, 26, 88, 109, -5, 87, 98, 60, 14, 75, 13, 66, 73, 31, 15, 74, 51, 76, 72, 65, 54, 52, 68, 70, 40, -23, 81, 63, 45, 46, 50, 16, 34, 20, 57, 41, 64, 44, 79, 56, 115, -6, 30, 77] <-- Page - 77
[-19, 102, 93, -11, 84, 99, 23, 100, 113, 58, 27, 47, 95, 6, -10, 43, 29, 61, 53, 85, 38, 39, 36, 86, 67, 17, 55, 21, 42, 8, 59, 24, 10, 48, 1, 83, 62, 49, 26, 88, 109, -5, 87, 98, 60, 14, 75, 13, 66, 73, 31, 15, 74, 51, 76, 72, 65, 54, 52, 68, 70, 40, -23, 81, 63, 45, 46, 50, 16, 34, 20, 57, 41, 64, 44, 79, 56, 115, -6, 30, 77, 125] <-- Page - 125 | Page Fault Here
[-19, 102, 93, -11, 84, 99, 23, 100, 113, 58, 27, 47, 95, 6, -10, 43, 29, 61, 53, 85, 38, 39, 36, 86, 67, 17, 55, 21, 8, 59, 24, 10, 48, 1, 83, 62, 49, 26, 88, 109, -5, 87, 98, 60, 14, 75, 13, 66, 73, 31, 15, 74, 51, 76, 72, 65, 54, 52, 68, 70, 40, -23, 81, 63, 45, 46, 50, 16, 34, 20, 57, 41, 64, 44, 79, 56, 115, -6, 30, 77, 125, 42] <-- Page - 42
[-19, 102, 93, -11, 84, 99, 23, 100, 113, 58, 27, 47, 95, 6, -10, 43, 29, 61, 53, 85, 38, 39, 36, 86, 67, 17, 55, 21, 8, 59, 24, 10, 48, 1, 83, 62, 49, 26, 88, 109, -5, 87, 98, 60, 14, 75, 13, 66, 73, 31, 15, 74, 76, 72, 65, 54, 52, 68, 70, 40, -23, 81, 63, 45, 46, 50, 16, 34, 20, 57, 41, 64, 44, 79, 56, 115, -6, 30, 77, 125, 42, 51] <-- Page - 51
[-19, 102, 93, -11, 84, 99, 23, 100, 113, 58, 27, 47, 95, 6, -10, 29, 61, 53, 85, 38, 39, 36, 86, 67, 17, 55, 21, 8, 59, 24, 10, 48, 1, 83, 62, 49, 26, 88, 109, -5, 87, 98, 60, 14, 75, 13, 66, 73, 31, 15, 74, 76, 72, 65, 54, 52, 68, 70, 40, -23, 81, 63, 45, 46, 50, 16, 34, 20, 57, 41, 64, 44, 79, 56, 115, -6, 30, 77, 125, 42, 51, 43] <-- Page - 43
[-19, 102, 93, -11, 84, 99, 23, 100, 113, 58, 27, 47, 95, 6, -10, 29, 61, 53, 85, 38, 39, 36, 86, 67, 17, 55, 21, 8, 59, 24, 10, 48, 1, 83, 62, 49, 26, 88, 109, -5, 87, 98, 60, 14, 75, 13, 66, 73, 31, 15, 74, 76, 72, 65, 54, 52, 68, 70, 40, -23, 81, 63, 45, 46, 50, 16, 34, 20, 57, 41, 64, 44, 79, 56, 115, -6, 30, 77, 125, 42, 51, 43, 89] <-- Page - 89 | Page Fault Here
[-19, 102, 93, -11, 84, 99, 23, 100, 113, 58, 27, 47, 95, 6, -10, 29, 61, 53, 85, 38, 39, 36, 86, 67, 17, 55, 21, 8, 59, 24, 10, 48, 1, 83, 62, 49, 26, 88, 109, -5, 87, 98, 60, 14, 75, 13, 66, 73, 31, 15, 74, 76, 72, 65, 54, 52, 68, 70, 40, -23, 81, 63, 45, 46, 50, 16, 34, 20, 57, 64, 44, 79, 56, 115, -6, 30, 77, 125, 42, 51, 43, 89, 41] <-- Page - 41
[-19, 102, 93, -11, 84, 99, 23, 100, 113, 58, 27, 47, 95, 6, -10, 29, 61, 53, 85, 38, 39, 36, 86, 67, 17, 55, 21, 8, 59, 24, 10, 48, 1, 83, 62, 49, 26, 88, 109, -5, 87, 98, 60, 14, 75, 13, 66, 73, 31, 15, 74, 76, 72, 65, 54, 52, 68, 40, -23, 81, 63, 45, 46, 50, 16, 34, 20, 57, 64, 44, 79, 56, 115, -6, 30, 77, 125, 42, 51, 43, 89, 41, 70] <-- Page - 70
[-19, 102, 93, -11, 84, 99, 23, 100, 113, 58, 27, 47, 95, 6, -10, 29, 61, 53, 85, 38, 39, 36, 86, 67, 17, 55, 21, 8, 59, 24, 10, 48, 1, 83, 62, 49, 26, 88, 109, -5, 87, 98, 60, 14, 75, 13, 66, 73, 31, 15, 74, 76, 72, 65, 54, 52, 68, -23, 81, 63, 45, 46, 50, 16, 34, 20, 57, 64, 44, 79, 56, 115, -6, 30, 77, 125, 42, 51, 43, 89, 41, 70, 40] <-- Page - 40
[-19, 102, 93, -11, 84, 99, 23, 100, 113, 58, 27, 47, 95, 6, -10, 29, 61, 53, 85, 38, 39, 36, 86, 67, 17, 55, 21, 8, 59, 24, 10, 48, 1, 83, 62, 49, 26, 88, 109, -5, 87, 98, 60, 14, 75, 13, 66, 73, 31, 15, 74, 76, 72, 65, 54, 52, 68, -23, 81, 63, 45, 46, 50, 16, 34, 20, 57, 64, 44, 79, 56, 115, -6, 30, 77, 125, 42, 51, 43, 89, 41, 70, 40, 11] <-- Page - 11 | Page Fault Here
[-19, 102, 93, -11, 84, 99, 23, 100, 113, 58, 27, 47, 95, 6, -10, 29, 61, 53, 85, 38, 39, 36, 86, 67, 17, 55, 21, 8, 24, 10, 48, 1, 83, 62, 49, 26, 88, 109, -5, 87, 98, 60, 14, 75, 13, 66, 73, 31, 15, 74, 76, 72, 65, 54, 52, 68, -23, 81, 63, 45, 46, 50, 16, 34, 20, 57, 64, 44, 79, 56, 115, -6, 30, 77, 125, 42, 51, 43, 89, 41, 70, 40, 11, 59] <-- Page - 59
[-19, 102, 93, -11, 84, 99, 23, 100, 113, 58, 27, 47, 95, 6, -10, 29, 61, 53, 85, 38, 39, 36, 86, 67, 17, 55, 21, 8, 24, 10, 48, 1, 83, 62, 49, 26, 88, 109, -5, 87, 98, 60, 14, 75, 13, 66, 73, 31, 15, 74, 76, 72, 54, 52, 68, -23, 81, 63, 45, 46, 50, 16, 34, 20, 57, 64, 44, 79, 56, 115, -6, 30, 77, 125, 42, 51, 43, 89, 41, 70, 40, 11, 59, 65] <-- Page - 65
[-19, 102, 93, -11, 84, 99, 23, 100, 113, 58, 27, 47, 95, 6, -10, 29, 61, 53, 85, 38, 39, 36, 86, 67, 17, 55, 21, 8, 24, 10, 48, 1, 83, 62, 49, 26, 109, -5, 87, 98, 60, 14, 75, 13, 66, 73, 31, 15, 74, 76, 72, 54, 52, 68, -23, 81, 63, 45, 46, 50, 16, 34, 20, 57, 64, 44, 79, 56, 115, -6, 30, 77, 125, 42, 51, 43, 89, 41, 70, 40, 11, 59, 65, 88] <-- Page - 88
[-19, 102, 93, -11, 84, 99, 23, 100, 113, 58, 27, 47, 95, 6, -10, 29, 61, 53, 85, 38, 39, 36, 86, 67, 17, 55, 21, 8, 24, 10, 48, 1, 83, 62, 49, 26, 109, -5, 87, 98, 60, 14, 75, 13, 66, 73, 31, 15, 74, 76, 72, 54, 52, 68, -23, 81, 63, 45, 50, 16, 34, 20, 57, 64, 44, 79, 56, 115, -6, 30, 77, 125, 42, 51, 43, 89, 41, 70, 40, 11, 59, 65, 88, 46] <-- Page - 46
[-19, 102, 93, -11, 84, 99, 23, 100, 113, 58, 27, 47, 95, 6, -10, 29, 61, 53, 85, 38, 39, 36, 86, 67, 17, 55, 21, 8, 24, 10, 48, 1, 83, 62, 49, 26, 109, -5, 87, 98, 60, 14, 75, 13, 66, 73, 15, 74, 76, 72, 54, 52, 68, -23, 81, 63, 45, 50, 16, 34, 20, 57, 64, 44, 79, 56, 115, -6, 30, 77, 125, 42, 51, 43, 89, 41, 70, 40, 11, 59, 65, 88, 46, 31] <-- Page - 31
[-19, 102, 93, -11, 84, 99, 23, 100, 113, 58, 27, 47, 95, 6, -10, 29, 61, 53, 85, 38, 39, 36, 86, 67, 17, 55, 21, 8, 24, 10, 48, 1, 83, 62, 49, 26, 109, -5, 87, 98, 60, 14, 75, 13, 73, 15, 74, 76, 72, 54, 52, 68, -23, 81, 63, 45, 50, 16, 34, 20, 57, 64, 44, 79, 56, 115, -6, 30, 77, 125, 42, 51, 43, 89, 41, 70, 40, 11, 59, 65, 88, 46, 31, 66] <-- Page - 66
[-19, 102, 93, -11, 84, 99, 23, 100, 113, 58, 27, 47, 95, 6, -10, 29, 61, 53, 85, 38, 39, 36, 86, 67, 17, 55, 21, 8, 24, 10, 48, 1, 83, 62, 49, 26, 109, -5, 87, 98, 60, 14, 75, 13, 73, 15, 74, 76, 72, 54, 52, 68, -23, 81, 63, 45, 50, 16, 34, 20, 64, 44, 79, 56, 115, -6, 30, 77, 125, 42, 51, 43, 89, 41, 70, 40, 11, 59, 65, 88, 46, 31, 66, 57] <-- Page - 57
[-19, 102, 93, -11, 84, 99, 23, 100, 113, 27, 47, 95, 6, -10, 29, 61, 53, 85, 38, 39, 36, 86, 67, 17, 55, 21, 8, 24, 10, 48, 1, 83, 62, 49, 26, 109, -5, 87, 98, 60, 14, 75, 13, 73, 15, 74, 76, 72, 54, 52, 68, -23, 81, 63, 45, 50, 16, 34, 20, 64, 44, 79, 56, 115, -6, 30, 77, 125, 42, 51, 43, 89, 41, 70, 40, 11, 59, 65, 88, 46, 31, 66, 57, 58] <-- Page - 58
[-19, 102, 93, -11, 84, 99, 23, 100, 113, 27, 95, 6, -10, 29, 61, 53, 85, 38, 39, 36, 86, 67, 17, 55, 21, 8, 24, 10, 48, 1, 83, 62, 49, 26, 109, -5, 87, 98, 60, 14, 75, 13, 73, 15, 74, 76, 72, 54, 52, 68, -23, 81, 63, 45, 50, 16, 34, 20, 64, 44, 79, 56, 115, -6, 30, 77, 125, 42, 51, 43, 89, 41, 70, 40, 11, 59, 65, 88, 46, 31, 66, 57, 58, 47] <-- Page - 47
[-19, 102, 93, -11, 99, 23, 100, 113, 27, 95, 6, -10, 29, 61, 53, 85, 38, 39, 36, 86, 67, 17, 55, 21, 8, 24, 10, 48, 1, 83, 62, 49, 26, 109, -5, 87, 98, 60, 14, 75, 13, 73, 15, 74, 76, 72, 54, 52, 68, -23, 81, 63, 45, 50, 16, 34, 20, 64, 44, 79, 56, 115, -6, 30, 77, 125, 42, 51, 43, 89, 41, 70, 40, 11, 59, 65, 88, 46, 31, 66, 57, 58, 47, 84] <-- Page - 84
[-19, 102, 93, -11, 99, 23, 100, 113, 27, 95, 6, -10, 29, 53, 85, 38, 39, 36, 86, 67, 17, 55, 21, 8, 24, 10, 48, 1, 83, 62, 49, 26, 109, -5, 87, 98, 60, 14, 75, 13, 73, 15, 74, 76, 72, 54, 52, 68, -23, 81, 63, 45, 50, 16, 34, 20, 64, 44, 79, 56, 115, -6, 30, 77, 125, 42, 51, 43, 89, 41, 70, 40, 11, 59, 65, 88, 46, 31, 66, 57, 58, 47, 84, 61] <-- Page - 61
[-19, 102, 93, -11, 99, 23, 100, 113, 27, 95, 6, -10, 29, 53, 85, 38, 39, 36, 86, 67, 17, 55, 21, 8, 24, 10, 48, 1, 83, 62, 49, 26, 109, -5, 87, 98, 60, 14, 75, 13, 73, 15, 74, 76, 72, 54, 52, 68, -23, 81, 63, 45, 50, 16, 34, 20, 64, 44, 79, 56, 115, -6, 30, 77, 125, 42, 51, 43, 89, 41, 70, 40, 11, 59, 65, 88, 46, 31, 66, 57, 58, 47, 84, 61, 107] <-- Page - 107 | Page Fault Here
[-19, 102, 93, -11, 99, 23, 100, 113, 27, 95, 6, -10, 29, 53, 85, 38, 39, 36, 86, 67, 17, 55, 21, 8, 24, 10, 48, 1, 62, 49, 26, 109, -5, 87, 98, 60, 14, 75, 13, 73, 15, 74, 76, 72, 54, 52, 68, -23, 81, 63, 45, 50, 16, 34, 20, 64, 44, 79, 56, 115, -6, 30, 77, 125, 42, 51, 43, 89, 41, 70, 40, 11, 59, 65, 88, 46, 31, 66, 57, 58, 47, 84, 61, 107, 83] <-- Page - 83
[-19, 102, 93, -11, 99, 23, 100, 113, 27, 95, 6, -10, 29, 53, 85, 38, 39, 36, 86, 67, 17, 55, 21, 8, 24, 10, 48, 1, 62, 49, 26, 109, -5, 87, 98, 60, 14, 75, 13, 73, 15, 74, 76, 72, 54, 52, 68, -23, 81, 63, 45, 50, 16, 34, 20, 64, 44, 79, 56, 115, -6, 30, 77, 125, 42, 51, 43, 89, 41, 70, 40, 11, 59, 65, 88, 46, 31, 66, 57, 58, 47, 84, 61, 107, 83, 69] <-- Page - 69 | Page Fault Here
[-19, 102, 93, -11, 99, 23, 100, 113, 27, 95, 6, -10, 29, 53, 85, 38, 39, 36, 86, 67, 17, 55, 21, 8, 24, 10, 48, 62, 49, 26, 109, -5, 87, 98, 60, 14, 75, 13, 73, 15, 74, 76, 72, 54, 52, 68, -23, 81, 63, 45, 50, 16, 34, 20, 64, 44, 79, 56, 115, -6, 30, 77, 125, 42, 51, 43, 89, 41, 70, 40, 11, 59, 65, 88, 46, 31, 66, 57, 58, 47, 84, 61, 107, 83, 69, 1] <-- Page - 1
[-19, 102, 93, -11, 99, 23, 100, 113, 27, 95, 6, -10, 29, 53, 85, 38, 39, 36, 86, 67, 17, 55, 21, 8, 24, 10, 48, 62, 49, 26, 109, -5, 87, 98, 60, 14, 75, 13, 73, 15, 74, 76, 72, 54, 52, -23, 81, 63, 45, 50, 16, 34, 20, 64, 44, 79, 56, 115, -6, 30, 77, 125, 42, 51, 43, 89, 41, 70, 40, 11, 59, 65, 88, 46, 31, 66, 57, 58, 47, 84, 61, 107, 83, 69, 1, 68] <-- Page - 68
[-19, 102, 93, -11, 99, 23, 100, 113, 27, 95, 6, -10, 29, 53, 85, 38, 39, 36, 86, 67, 17, 55, 21, 8, 24, 10, 48, 49, 26, 109, -5, 87, 98, 60, 14, 75, 13, 73, 15, 74, 76, 72, 54, 52, -23, 81, 63, 45, 50, 16, 34, 20, 64, 44, 79, 56, 115, -6, 30, 77, 125, 42, 51, 43, 89, 41, 70, 40, 11, 59, 65, 88, 46, 31, 66, 57, 58, 47, 84, 61, 107, 83, 69, 1, 68, 62] <-- Page - 62
[-19, 102, 93, -11, 99, 23, 100, 113, 27, 95, 6, -10, 29, 53, 85, 38, 39, 36, 86, 67, 17, 55, 21, 8, 24, 10, 48, 49, 26, 109, -5, 87, 98, 60, 14, 75, 13, 73, 15, 76, 72, 54, 52, -23, 81, 63, 45, 50, 16, 34, 20, 64, 44, 79, 56, 115, -6, 30, 77, 125, 42, 51, 43, 89, 41, 70, 40, 11, 59, 65, 88, 46, 31, 66, 57, 58, 47, 84, 61, 107, 83, 69, 1, 68, 62, 74] <-- Page - 74
[-19, 102, 93, -11, 99, 23, 100, 113, 27, 95, 6, -10, 29, 53, 85, 38, 39, 36, 86, 67, 17, 55, 21, 8, 24, 10, 48, 49, 26, 109, -5, 87, 98, 60, 14, 75, 13, 73, 15, 76, 72, 54, 52, -23, 63, 45, 50, 16, 34, 20, 64, 44, 79, 56, 115, -6, 30, 77, 125, 42, 51, 43, 89, 41, 70, 40, 11, 59, 65, 88, 46, 31, 66, 57, 58, 47, 84, 61, 107, 83, 69, 1, 68, 62, 74, 81] <-- Page - 81
[-19, 102, 93, -11, 99, 23, 100, 113, 27, 95, 6, -10, 29, 53, 85, 38, 39, 36, 86, 67, 17, 55, 21, 8, 24, 10, 48, 49, 26, 109, -5, 87, 98, 60, 14, 75, 13, 73, 15, 76, 72, 54, 52, -23, 63, 45, 50, 16, 34, 20, 64, 44, 79, 56, 115, -6, 30, 77, 125, 42, 51, 43, 89, 41, 70, 40, 11, 59, 65, 88, 46, 31, 66, 57, 58, 47, 84, 61, 107, 83, 69, 1, 68, 62, 74, 81, 37] <-- Page - 37 | Page Fault Here
[-19, 102, 93, -11, 99, 23, 100, 113, 27, 95, 6, -10, 29, 53, 85, 38, 39, 36, 86, 67, 17, 55, 21, 8, 24, 10, 48, 49, 26, 109, -5, 87, 98, 60, 14, 75, 13, 73, 15, 76, 72, 54, 52, -23, 63, 45, 50, 16, 34, 20, 64, 44, 79, 56, 115, -6, 30, 77, 125, 42, 51, 43, 89, 41, 70, 40, 11, 59, 65, 88, 46, 31, 66, 57, 58, 47, 84, 61, 107, 83, 69, 1, 68, 62, 81, 37, 74] <-- Page - 74
[-19, 102, 93, -11, 99, 23, 100, 113, 27, 95, 6, -10, 29, 53, 85, 38, 39, 36, 86, 67, 17, 55, 21, 8, 24, 10, 48, 49, 26, 109, -5, 87, 98, 60, 14, 75, 13, 73, 15, 76, 72, 54, 52, -23, 63, 45, 50, 16, 34, 20, 64, 44, 79, 56, 115, -6, 30, 77, 125, 42, 51, 43, 89, 41, 70, 40, 11, 59, 65, 88, 46, 31, 66, 57, 58, 47, 84, 61, 107, 83, 69, 1, 68, 62, 81, 37, 74, 33] <-- Page - 33 | Page Fault Here
[-19, 102, 93, -11, 99, 23, 100, 113, 27, 95, 6, -10, 29, 53, 85, 38, 39, 36, 86, 67, 17, 55, 21, 8, 24, 10, 48, 49, 26, 109, -5, 87, 98, 60, 14, 75, 13, 73, 15, 76, 72, 54, 52, -23, 63, 45, 50, 16, 34, 20, 64, 44, 79, 56, 115, -6, 30, 77, 125, 42, 51, 43, 89, 41, 70, 40, 11, 59, 65, 88, 46, 31, 66, 57, 58, 47, 84, 61, 107, 83, 69, 1, 68, 62, 81, 37, 74, 33, 108] <-- Page - 108 | Page Fault Here
[-19, 102, 93, -11, 99, 23, 100, 113, 27, 95, 6, -10, 29, 53, 85, 38, 39, 36, 86, 67, 17, 55, 21, 8, 24, 48, 49, 26, 109, -5, 87, 98, 60, 14, 75, 13, 73, 15, 76, 72, 54, 52, -23, 63, 45, 50, 16, 34, 20, 64, 44, 79, 56, 115, -6, 30, 77, 125, 42, 51, 43, 89, 41, 70, 40, 11, 59, 65, 88, 46, 31, 66, 57, 58, 47, 84, 61, 107, 83, 69, 1, 68, 62, 81, 37, 74, 33, 108, 10] <-- Page - 10
[-19, 102, 93, -11, 99, 23, 100, 113, 27, 95, 6, -10, 29, 53, 85, 38, 39, 36, 86, 67, 17, 55, 21, 8, 24, 48, 49, 26, 109, -5, 87, 98, 60, 14, 75, 13, 73, 15, 76, 72, 54, 52, -23, 63, 45, 50, 16, 34, 20, 64, 44, 79, 56, 115, -6, 30, 77, 125, 42, 51, 43, 89, 41, 70, 40, 11, 59, 65, 88, 46, 31, 66, 57, 58, 47, 84, 61, 107, 83, 69, 1, 68, 62, 81, 37, 74, 33, 108, 10, -2] <-- Page - -2 | Page Fault Here
[102, 93, -11, 99, 23, 100, 113, 27, 95, 6, -10, 29, 53, 85, 38, 39, 36, 86, 67, 17, 55, 21, 8, 24, 48, 49, 26, 109, -5, 87, 98, 60, 14, 75, 13, 73, 15, 76, 72, 54, 52, -23, 63, 45, 50, 16, 34, 20, 64, 44, 79, 56, 115, -6, 30, 77, 125, 42, 51, 43, 89, 41, 70, 40, 11, 59, 65, 88, 46, 31, 66, 57, 58, 47, 84, 61, 107, 83, 69, 1, 68, 62, 81, 37, 74, 33, 108, 10, -2, 0] <-- Page - 0 | Page Fault Here
[102, 93, -11, 99, 100, 113, 27, 95, 6, -10, 29, 53, 85, 38, 39, 36, 86, 67, 17, 55, 21, 8, 24, 48, 49, 26, 109, -5, 87, 98, 60, 14, 75, 13, 73, 15, 76, 72, 54, 52, -23, 63, 45, 50, 16, 34, 20, 64, 44, 79, 56, 115, -6, 30, 77, 125, 42, 51, 43, 89, 41, 70, 40, 11, 59, 65, 88, 46, 31, 66, 57, 58, 47, 84, 61, 107, 83, 69, 1, 68, 62, 81, 37, 74, 33, 108, 10, -2, 0, 23] <-- Page - 23
[102, 93, -11, 99, 100, 113, 27, 95, 6, -10, 29, 53, 85, 38, 39, 36, 86, 67, 17, 55, 21, 8, 24, 48, 49, 26, 109, -5, 87, 98, 60, 14, 75, 13, 73, 15, 76, 72, 54, 52, -23, 63, 45, 50, 34, 20, 64, 44, 79, 56, 115, -6, 30, 77, 125, 42, 51, 43, 89, 41, 70, 40, 11, 59, 65, 88, 46, 31, 66, 57, 58, 47, 84, 61, 107, 83, 69, 1, 68, 62, 81, 37, 74, 33, 108, 10, -2, 0, 23, 16] <-- Page - 16
[102, 93, -11, 99, 100, 113, 27, 95, 6, -10, 29, 53, 85, 38, 39, 36, 86, 67, 17, 55, 21, 8, 24, 48, 49, 26, 109, -5, 87, 98, 60, 14, 75, 13, 73, 15, 76, 72, 54, 52, -23, 63, 45, 50, 34, 20, 64, 44, 79, 56, 115, -6, 30, 77, 125, 42, 51, 43, 89, 41, 70, 40, 11, 59, 65, 88, 46, 31, 66, 57, 58, 47, 84, 61, 107, 83, 69, 1, 68, 62, 81, 37, 74, 33, 10, -2, 0, 23, 16, 108] <-- Page - 108
[102, 93, -11, 99, 100, 113, 27, 95, 6, -10, 29, 53, 85, 38, 39, 36, 86, 67, 17, 55, 21, 8, 24, 48, 49, 26, 109, -5, 87, 98, 60, 14, 75, 13, 73, 15, 76, 72, 54, 52, -23, 63, 45, 50, 34, 20, 64, 44, 79, 56, 115, -6, 30, 77, 125, 42, 51, 43, 89, 41, 70, 11, 59, 65, 88, 46, 31, 66, 57, 58, 47, 84, 61, 107, 83, 69, 1, 68, 62, 81, 37, 74, 33, 10, -2, 0, 23, 16, 108, 40] <-- Page - 40
[93, -11, 99, 100, 113, 27, 95, 6, -10, 29, 53, 85, 38, 39, 36, 86, 67, 17, 55, 21, 8, 24, 48, 49, 26, 109, -5, 87, 98, 60, 14, 75, 13, 73, 15, 76, 72, 54, 52, -23, 63, 45, 50, 34, 20, 64, 44, 79, 56, 115, -6, 30, 77, 125, 42, 51, 43, 89, 41, 70, 11, 59, 65, 88, 46, 31, 66, 57, 58, 47, 84, 61, 107, 83, 69, 1, 68, 62, 81, 37, 74, 33, 10, -2, 0, 23, 16, 108, 40, 9] <-- Page - 9 | Page Fault Here
[93, -11, 99, 100, 113, 27, 95, 6, -10, 29, 53, 85, 38, 39, 36, 86, 67, 17, 55, 21, 8, 24, 48, 49, 26, 109, -5, 87, 98, 60, 14, 75, 13, 73, 15, 76, 72, 54, 52, -23, 63, 45, 50, 34, 20, 64, 44, 79, 56, 115, -6, 30, 77, 125, 42, 51, 43, 89, 41, 70, 11, 59, 65, 88, 46, 31, 66, 57, 58, 47, 84, 61, 107, 69, 1, 68, 62, 81, 37, 74, 33, 10, -2, 0, 23, 16, 108, 40, 9, 83] <-- Page - 83
[-11, 99, 100, 113, 27, 95, 6, -10, 29, 53, 85, 38, 39, 36, 86, 67, 17, 55, 21, 8, 24, 48, 49, 26, 109, -5, 87, 98, 60, 14, 75, 13, 73, 15, 76, 72, 54, 52, -23, 63, 45, 50, 34, 20, 64, 44, 79, 56, 115, -6, 30, 77, 125, 42, 51, 43, 89, 41, 70, 11, 59, 65, 88, 46, 31, 66, 57, 58, 47, 84, 61, 107, 69, 1, 68, 62, 81, 37, 74, 33, 10, -2, 0, 23, 16, 108, 40, 9, 83, 32] <-- Page - 32 | Page Fault Here
[99, 100, 113, 27, 95, 6, -10, 29, 53, 85, 38, 39, 36, 86, 67, 17, 55, 21, 8, 24, 48, 49, 26, 109, -5, 87, 98, 60, 14, 75, 13, 73, 15, 76, 72, 54, 52, -23, 63, 45, 50, 34, 20, 64, 44, 79, 56, 115, -6, 30, 77, 125, 42, 51, 43, 89, 41, 70, 11, 59, 65, 88, 46, 31, 66, 57, 58, 47, 84, 61, 107, 69, 1, 68, 62, 81, 37, 74, 33, 10, -2, 0, 23, 16, 108, 40, 9, 83, 32, 12] <-- Page - 12 | Page Fault Here
[99, 100, 113, 27, 95, 6, -10, 29, 53, 85, 38, 39, 36, 86, 67, 17, 55, 21, 8, 24, 48, 49, 26, 109, -5, 87, 98, 60, 14, 75, 13, 73, 15, 72, 54, 52, -23, 63, 45, 50, 34, 20, 64, 44, 79, 56, 115, -6, 30, 77, 125, 42, 51, 43, 89, 41, 70, 11, 59, 65, 88, 46, 31, 66, 57, 58, 47, 84, 61, 107, 69, 1, 68, 62, 81, 37, 74, 33, 10, -2, 0, 23, 16, 108, 40, 9, 83, 32, 12, 76] <-- Page - 76
[99, 100, 113, 27, 95, 6, -10, 29, 53, 85, 38, 39, 36, 86, 67, 17, 55, 21, 8, 24, 48, 49, 26, 109, -5, 87, 98, 60, 14, 75, 13, 73, 15, 72, 54, 52, -23, 63, 45, 50, 34, 20, 64, 44, 79, 56, 115, -6, 30, 77, 125, 42, 51, 43, 89, 41, 70, 11, 59, 65, 88, 46, 31, 66, 57, 58, 47, 84, 61, 107, 69, 1, 62, 81, 37, 74, 33, 10, -2, 0, 23, 16, 108, 40, 9, 83, 32, 12, 76, 68] <-- Page - 68
[99, 100, 113, 27, 95, 6, -10, 29, 53, 85, 38, 39, 86, 67, 17, 55, 21, 8, 24, 48, 49, 26, 109, -5, 87, 98, 60, 14, 75, 13, 73, 15, 72, 54, 52, -23, 63, 45, 50, 34, 20, 64, 44, 79, 56, 115, -6, 30, 77, 125, 42, 51, 43, 89, 41, 70, 11, 59, 65, 88, 46, 31, 66, 57, 58, 47, 84, 61, 107, 69, 1, 62, 81, 37, 74, 33, 10, -2, 0, 23, 16, 108, 40, 9, 83, 32, 12, 76, 68, 36] <-- Page - 36
[100, 113, 27, 95, 6, -10, 29, 53, 85, 38, 39, 86, 67, 17, 55, 21, 8, 24, 48, 49, 26, 109, -5, 87, 98, 60, 14, 75, 13, 73, 15, 72, 54, 52, -23, 63, 45, 50, 34, 20, 64, 44, 79, 56, 115, -6, 30, 77, 125, 42, 51, 43, 89, 41, 70, 11, 59, 65, 88, 46, 31, 66, 57, 58, 47, 84, 61, 107, 69, 1, 62, 81, 37, 74, 33, 10, -2, 0, 23, 16, 108, 40, 9, 83, 32, 12, 76, 68, 36, 92] <-- Page - 92 | Page Fault Here
[100, 113, 27, 95, 6, -10, 29, 85, 38, 39, 86, 67, 17, 55, 21, 8, 24, 48, 49, 26, 109, -5, 87, 98, 60, 14, 75, 13, 73, 15, 72, 54, 52, -23, 63, 45, 50, 34, 20, 64, 44, 79, 56, 115, -6, 30, 77, 125, 42, 51, 43, 89, 41, 70, 11, 59, 65, 88, 46, 31, 66, 57, 58, 47, 84, 61, 107, 69, 1, 62, 81, 37, 74, 33, 10, -2, 0, 23, 16, 108, 40, 9, 83, 32, 12, 76, 68, 36, 92, 53] <-- Page - 53
[100, 113, 27, 95, 6, -10, 29, 85, 38, 39, 86, 67, 17, 55, 21, 8, 24, 48, 49, 26, 109, -5, 87, 60, 14, 75, 13, 73, 15, 72, 54, 52, -23, 63, 45, 50, 34, 20, 64, 44, 79, 56, 115, -6, 30, 77, 125, 42, 51, 43, 89, 41, 70, 11, 59, 65, 88, 46, 31, 66, 57, 58, 47, 84, 61, 107, 69, 1, 62, 81, 37, 74, 33, 10, -2, 0, 23, 16, 108, 40, 9, 83, 32, 12, 76, 68, 36, 92, 53, 98] <-- Page - 98
[100, 113, 27, 95, 6, -10, 29, 85, 38, 39, 86, 67, 17, 55, 21, 8, 24, 48, 49, 26, 109, -5, 87, 60, 14, 75, 13, 73, 15, 72, 54, 52, -23, 63, 45, 50, 34, 20, 64, 44, 79, 56, 115, -6, 30, 77, 125, 42, 51, 43, 89, 41, 70, 11, 59, 88, 46, 31, 66, 57, 58, 47, 84, 61, 107, 69, 1, 62, 81, 37, 74, 33, 10, -2, 0, 23, 16, 108, 40, 9, 83, 32, 12, 76, 68, 36, 92, 53, 98, 65] <-- Page - 65
[113, 27, 95, 6, -10, 29, 85, 38, 39, 86, 67, 17, 55, 21, 8, 24, 48, 49, 26, 109, -5, 87, 60, 14, 75, 13, 73, 15, 72, 54, 52, -23, 63, 45, 50, 34, 20, 64, 44, 79, 56, 115, -6, 30, 77, 125, 42, 51, 43, 89, 41, 70, 11, 59, 88, 46, 31, 66, 57, 58, 47, 84, 61, 107, 69, 1, 62, 81, 37, 74, 33, 10, -2, 0, 23, 16, 108, 40, 9, 83, 32, 12, 76, 68, 36, 92, 53, 98, 65, 96] <-- Page - 96 | Page Fault Here
[113, 27, 95, 6, -10, 29, 85, 38, 39, 86, 67, 17, 55, 21, 8, 24, 48, 49, 26, 109, -5, 87, 60, 14, 75, 13, 73, 15, 72, 54, 52, -23, 63, 45, 50, 34, 20, 64, 44, 79, 56, 115, -6, 30, 77, 125, 42, 51, 43, 89, 41, 70, 11, 59, 88, 46, 31, 66, 57, 58, 47, 84, 61, 107, 69, 1, 62, 81, 37, 74, 33, 10, -2, 0, 23, 16, 108, 40, 9, 83, 32, 12, 76, 68, 36, 92, 98, 65, 96, 53] <-- Page - 53
[113, 27, 95, 6, -10, 29, 85, 38, 39, 86, 67, 17, 55, 21, 8, 24, 48, 49, 26, 109, -5, 87, 60, 14, 75, 73, 15, 72, 54, 52, -23, 63, 45, 50, 34, 20, 64, 44, 79, 56, 115, -6, 30, 77, 125, 42, 51, 43, 89, 41, 70, 11, 59, 88, 46, 31, 66, 57, 58, 47, 84, 61, 107, 69, 1, 62, 81, 37, 74, 33, 10, -2, 0, 23, 16, 108, 40, 9, 83, 32, 12, 76, 68, 36, 92, 98, 65, 96, 53, 13] <-- Page - 13
[27, 95, 6, -10, 29, 85, 38, 39, 86, 67, 17, 55, 21, 8, 24, 48, 49, 26, 109, -5, 87, 60, 14, 75, 73, 15, 72, 54, 52, -23, 63, 45, 50, 34, 20, 64, 44, 79, 56, 115, -6, 30, 77, 125, 42, 51, 43, 89, 41, 70, 11, 59, 88, 46, 31, 66, 57, 58, 47, 84, 61, 107, 69, 1, 62, 81, 37, 74, 33, 10, -2, 0, 23, 16, 108, 40, 9, 83, 32, 12, 76, 68, 36, 92, 98, 65, 96, 53, 13, 123] <-- Page - 123 | Page Fault Here
[27, 95, 6, -10, 29, 85, 38, 39, 86, 67, 17, 55, 21, 8, 24, 48, 49, 26, 109, -5, 87, 60, 14, 75, 73, 15, 72, 54, 52, -23, 63, 45, 50, 34, 20, 64, 44, 79, 56, 115, -6, 30, 77, 125, 42, 51, 43, 89, 41, 70, 11, 59, 88, 46, 31, 66, 57, 58, 47, 84, 61, 107, 69, 1, 62, 81, 37, 74, 10, -2, 0, 23, 16, 108, 40, 9, 83, 32, 12, 76, 68, 36, 92, 98, 65, 96, 53, 13, 123, 33] <-- Page - 33
[27, 95, 6, -10, 29, 85, 38, 39, 86, 67, 17, 55, 21, 8, 24, 48, 49, 26, 109, -5, 87, 60, 14, 75, 73, 15, 72, 54, 52, -23, 63, 45, 50, 34, 20, 64, 79, 56, 115, -6, 30, 77, 125, 42, 51, 43, 89, 41, 70, 11, 59, 88, 46, 31, 66, 57, 58, 47, 84, 61, 107, 69, 1, 62, 81, 37, 74, 10, -2, 0, 23, 16, 108, 40, 9, 83, 32, 12, 76, 68, 36, 92, 98, 65, 96, 53, 13, 123, 33, 44] <-- Page - 44
[95, 6, -10, 29, 85, 38, 39, 86, 67, 17, 55, 21, 8, 24, 48, 49, 26, 109, -5, 87, 60, 14, 75, 73, 15, 72, 54, 52, -23, 63, 45, 50, 34, 20, 64, 79, 56, 115, -6, 30, 77, 125, 42, 51, 43, 89, 41, 70, 11, 59, 88, 46, 31, 66, 57, 58, 47, 84, 61, 107, 69, 1, 62, 81, 37, 74, 10, -2, 0, 23, 16, 108, 40, 9, 83, 32, 12, 76, 68, 36, 92, 98, 65, 96, 53, 13, 123, 33, 44, 28] <-- Page - 28 | Page Fault Here
[95, 6, -10, 29, 85, 38, 39, 86, 67, 17, 55, 21, 8, 24, 48, 49, 26, 109, -5, 87, 60, 14, 75, 73, 15, 72, 54, 52, -23, 63, 45, 50, 34, 20, 64, 79, 56, 115, -6, 30, 77, 125, 42, 51, 89, 41, 70, 11, 59, 88, 46, 31, 66, 57, 58, 47, 84, 61, 107, 69, 1, 62, 81, 37, 74, 10, -2, 0, 23, 16, 108, 40, 9, 83, 32, 12, 76, 68, 36, 92, 98, 65, 96, 53, 13, 123, 33, 44, 28, 43] <-- Page - 43
[95, 6, -10, 29, 85, 38, 39, 86, 67, 17, 55, 21, 8, 24, 48, 49, 26, 109, -5, 87, 60, 14, 75, 73, 15, 72, 54, 52, -23, 63, 45, 50, 34, 20, 64, 79, 56, 115, -6, 30, 77, 125, 42, 51, 89, 41, 70, 11, 59, 88, 46, 31, 66, 58, 47, 84, 61, 107, 69, 1, 62, 81, 37, 74, 10, -2, 0, 23, 16, 108, 40, 9, 83, 32, 12, 76, 68, 36, 92, 98, 65, 96, 53, 13, 123, 33, 44, 28, 43, 57] <-- Page - 57
[95, 6, -10, 29, 85, 38, 39, 86, 67, 17, 55, 21, 8, 24, 48, 49, 26, 109, -5, 87, 60, 14, 75, 73, 15, 72, 54, 52, -23, 63, 45, 50, 34, 20, 64, 79, 115, -6, 30, 77, 125, 42, 51, 89, 41, 70, 11, 59, 88, 46, 31, 66, 58, 47, 84, 61, 107, 69, 1, 62, 81, 37, 74, 10, -2, 0, 23, 16, 108, 40, 9, 83, 32, 12, 76, 68, 36, 92, 98, 65, 96, 53, 13, 123, 33, 44, 28, 43, 57, 56] <-- Page - 56
[95, 6, -10, 29, 85, 38, 39, 86, 67, 17, 55, 21, 8, 24, 48, 49, 26, 109, -5, 87, 60, 14, 75, 73, 15, 72, 54, 52, -23, 63, 45, 50, 34, 20, 64, 79, 115, -6, 30, 77, 125, 42, 51, 89, 41, 70, 11, 59, 88, 46, 31, 66, 58, 47, 84, 61, 107, 1, 62, 81, 37, 74, 10, -2, 0, 23, 16, 108, 40, 9, 83, 32, 12, 76, 68, 36, 92, 98, 65, 96, 53, 13, 123, 33, 44, 28, 43, 57, 56, 69] <-- Page - 69
[6, -10, 29, 85, 38, 39, 86, 67, 17, 55, 21, 8, 24, 48, 49, 26, 109, -5, 87, 60, 14, 75, 73, 15, 72, 54, 52, -23, 63, 45, 50, 34, 20, 64, 79, 115, -6, 30, 77, 125, 42, 51, 89, 41, 70, 11, 59, 88, 46, 31, 66, 58, 47, 84, 61, 107, 1, 62, 81, 37, 74, 10, -2, 0, 23, 16, 108, 40, 9, 83, 32, 12, 76, 68, 36, 92, 98, 65, 96, 53, 13, 123, 33, 44, 28, 43, 57, 56, 69, 103] <-- Page - 103 | Page Fault Here
[6, -10, 29, 85, 38, 39, 86, 67, 17, 55, 21, 8, 24, 48, 49, 26, 109, -5, 87, 60, 14, 75, 73, 15, 72, 54, 52, -23, 63, 45, 50, 34, 20, 64, 79, 115, -6, 30, 77, 125, 42, 51, 89, 41, 70, 11, 59, 88, 31, 66, 58, 47, 84, 61, 107, 1, 62, 81, 37, 74, 10, -2, 0, 23, 16, 108, 40, 9, 83, 32, 12, 76, 68, 36, 92, 98, 65, 96, 53, 13, 123, 33, 44, 28, 43, 57, 56, 69, 103, 46] <-- Page - 46
[6, -10, 29, 85, 38, 39, 86, 67, 17, 55, 21, 8, 24, 48, 49, 26, 109, -5, 87, 60, 14, 75, 73, 15, 72, 54, 52, -23, 63, 45, 50, 34, 20, 64, 79, 115, -6, 30, 77, 125, 42, 51, 89, 41, 70, 11, 59, 88, 31, 66, 58, 47, 84, 61, 107, 1, 62, 81, 37, 74, 10, -2, 0, 23, 16, 108, 40, 9, 83, 32, 12, 76, 68, 36, 92, 98, 65, 96, 53, 123, 33, 44, 28, 43, 57, 56, 69, 103, 46, 13] <-- Page - 13
[6, -10, 29, 85, 38, 39, 86, 67, 17, 55, 21, 8, 24, 48, 49, 26, 109, -5, 87, 60, 75, 73, 15, 72, 54, 52, -23, 63, 45, 50, 34, 20, 64, 79, 115, -6, 30, 77, 125, 42, 51, 89, 41, 70, 11, 59, 88, 31, 66, 58, 47, 84, 61, 107, 1, 62, 81, 37, 74, 10, -2, 0, 23, 16, 108, 40, 9, 83, 32, 12, 76, 68, 36, 92, 98, 65, 96, 53, 123, 33, 44, 28, 43, 57, 56, 69, 103, 46, 13, 14] <-- Page - 14
[6, -10, 29, 85, 38, 39, 86, 67, 17, 55, 21, 8, 24, 48, 49, 26, 109, -5, 87, 60, 75, 73, 15, 72, 54, 52, -23, 63, 45, 50, 34, 20, 64, 79, 115, -6, 77, 125, 42, 51, 89, 41, 70, 11, 59, 88, 31, 66, 58, 47, 84, 61, 107, 1, 62, 81, 37, 74, 10, -2, 0, 23, 16, 108, 40, 9, 83, 32, 12, 76, 68, 36, 92, 98, 65, 96, 53, 123, 33, 44, 28, 43, 57, 56, 69, 103, 46, 13, 14, 30] <-- Page - 30
[6, -10, 29, 85, 38, 39, 86, 67, 17, 55, 21, 8, 24, 48, 49, 26, 109, -5, 87, 60, 75, 73, 15, 72, 54, 52, -23, 63, 45, 50, 34, 20, 64, 79, 115, -6, 77, 125, 42, 51, 89, 41, 70, 11, 59, 88, 31, 66, 58, 47, 84, 61, 107, 1, 62, 81, 37, 74, 10, -2, 23, 16, 108, 40, 9, 83, 32, 12, 76, 68, 36, 92, 98, 65, 96, 53, 123, 33, 44, 28, 43, 57, 56, 69, 103, 46, 13, 14, 30, 0] <-- Page - 0
[6, -10, 29, 85, 38, 39, 86, 67, 17, 55, 21, 8, 24, 48, 49, 26, 109, -5, 87, 60, 75, 73, 15, 72, 54, 52, -23, 63, 45, 50, 34, 20, 64, 79, 115, -6, 77, 125, 42, 51, 89, 41, 70, 11, 59, 88, 31, 66, 58, 47, 84, 61, 107, 1, 62, 81, 37, 10, -2, 23, 16, 108, 40, 9, 83, 32, 12, 76, 68, 36, 92, 98, 65, 96, 53, 123, 33, 44, 28, 43, 57, 56, 69, 103, 46, 13, 14, 30, 0, 74] <-- Page - 74
[-10, 29, 85, 38, 39, 86, 67, 17, 55, 21, 8, 24, 48, 49, 26, 109, -5, 87, 60, 75, 73, 15, 72, 54, 52, -23, 63, 45, 50, 34, 20, 64, 79, 115, -6, 77, 125, 42, 51, 89, 41, 70, 11, 59, 88, 31, 66, 58, 47, 84, 61, 107, 1, 62, 81, 37, 10, -2, 23, 16, 108, 40, 9, 83, 32, 12, 76, 68, 36, 92, 98, 65, 96, 53, 123, 33, 44, 28, 43, 57, 56, 69, 103, 46, 13, 14, 30, 0, 74, 35] <-- Page - 35 | Page Fault Here
[-10, 29, 85, 38, 39, 86, 67, 17, 55, 21, 8, 24, 48, 49, 26, 109, -5, 87, 60, 75, 73, 15, 72, 54, 52, -23, 63, 45, 50, 34, 20, 64, 79, 115, -6, 77, 125, 42, 51, 89, 41, 70, 11, 59, 88, 31, 66, 58, 47, 84, 61, 107, 1, 62, 81, 37, 10, -2, 23, 16, 108, 9, 83, 32, 12, 76, 68, 36, 92, 98, 65, 96, 53, 123, 33, 44, 28, 43, 57, 56, 69, 103, 46, 13, 14, 30, 0, 74, 35, 40] <-- Page - 40
[-10, 29, 85, 38, 39, 86, 67, 17, 55, 21, 8, 24, 48, 26, 109, -5, 87, 60, 75, 73, 15, 72, 54, 52, -23, 63, 45, 50, 34, 20, 64, 79, 115, -6, 77, 125, 42, 51, 89, 41, 70, 11, 59, 88, 31, 66, 58, 47, 84, 61, 107, 1, 62, 81, 37, 10, -2, 23, 16, 108, 9, 83, 32, 12, 76, 68, 36, 92, 98, 65, 96, 53, 123, 33, 44, 28, 43, 57, 56, 69, 103, 46, 13, 14, 30, 0, 74, 35, 40, 49] <-- Page - 49
[-10, 29, 85, 38, 39, 86, 67, 17, 55, 21, 24, 48, 26, 109, -5, 87, 60, 75, 73, 15, 72, 54, 52, -23, 63, 45, 50, 34, 20, 64, 79, 115, -6, 77, 125, 42, 51, 89, 41, 70, 11, 59, 88, 31, 66, 58, 47, 84, 61, 107, 1, 62, 81, 37, 10, -2, 23, 16, 108, 9, 83, 32, 12, 76, 68, 36, 92, 98, 65, 96, 53, 123, 33, 44, 28, 43, 57, 56, 69, 103, 46, 13, 14, 30, 0, 74, 35, 40, 49, 8] <-- Page - 8
[-10, 29, 85, 38, 39, 86, 67, 17, 55, 21, 48, 26, 109, -5, 87, 60, 75, 73, 15, 72, 54, 52, -23, 63, 45, 50, 34, 20, 64, 79, 115, -6, 77, 125, 42, 51, 89, 41, 70, 11, 59, 88, 31, 66, 58, 47, 84, 61, 107, 1, 62, 81, 37, 10, -2, 23, 16, 108, 9, 83, 32, 12, 76, 68, 36, 92, 98, 65, 96, 53, 123, 33, 44, 28, 43, 57, 56, 69, 103, 46, 13, 14, 30, 0, 74, 35, 40, 49, 8, 24] <-- Page - 24
[-10, 29, 85, 38, 39, 86, 67, 17, 55, 21, 48, 26, 109, -5, 87, 60, 75, 73, 15, 72, 54, 52, -23, 63, 45, 50, 34, 20, 64, 79, 115, -6, 77, 125, 42, 51, 89, 41, 11, 59, 88, 31, 66, 58, 47, 84, 61, 107, 1, 62, 81, 37, 10, -2, 23, 16, 108, 9, 83, 32, 12, 76, 68, 36, 92, 98, 65, 96, 53, 123, 33, 44, 28, 43, 57, 56, 69, 103, 46, 13, 14, 30, 0, 74, 35, 40, 49, 8, 24, 70] <-- Page - 70
[-10, 29, 85, 38, 39, 86, 67, 17, 55, 21, 48, 26, 109, -5, 87, 60, 75, 73, 15, 72, 54, 52, -23, 63, 45, 50, 34, 20, 64, 79, 115, -6, 77, 125, 42, 51, 89, 41, 11, 59, 88, 31, 66, 58, 47, 84, 61, 107, 1, 62, 81, 37, 10, -2, 23, 16, 108, 9, 83, 32, 12, 76, 36, 92, 98, 65, 96, 53, 123, 33, 44, 28, 43, 57, 56, 69, 103, 46, 13, 14, 30, 0, 74, 35, 40, 49, 8, 24, 70, 68] <-- Page - 68
[-10, 29, 85, 38, 39, 86, 67, 17, 55, 21, 48, 26, 109, -5, 87, 60, 75, 73, 15, 72, 54, 52, -23, 63, 45, 50, 34, 20, 64, 79, 115, -6, 77, 125, 42, 51, 89, 41, 11, 59, 88, 31, 66, 58, 47, 84, 61, 107, 1, 62, 81, 37, 10, -2, 23, 16, 108, 9, 83, 32, 12, 76, 92, 98, 65, 96, 53, 123, 33, 44, 28, 43, 57, 56, 69, 103, 46, 13, 14, 30, 0, 74, 35, 40, 49, 8, 24, 70, 68, 36] <-- Page - 36
[29, 85, 38, 39, 86, 67, 17, 55, 21, 48, 26, 109, -5, 87, 60, 75, 73, 15, 72, 54, 52, -23, 63, 45, 50, 34, 20, 64, 79, 115, -6, 77, 125, 42, 51, 89, 41, 11, 59, 88, 31, 66, 58, 47, 84, 61, 107, 1, 62, 81, 37, 10, -2, 23, 16, 108, 9, 83, 32, 12, 76, 92, 98, 65, 96, 53, 123, 33, 44, 28, 43, 57, 56, 69, 103, 46, 13, 14, 30, 0, 74, 35, 40, 49, 8, 24, 70, 68, 36, 104] <-- Page - 104 | Page Fault Here
[29, 85, 38, 39, 86, 67, 17, 55, 21, 48, 26, 109, -5, 87, 60, 75, 73, 15, 72, 54, 52, -23, 63, 45, 50, 34, 20, 64, 79, 115, -6, 77, 125, 42, 51, 89, 41, 11, 59, 88, 31, 66, 58, 47, 84, 61, 107, 1, 62, 81, 37, -2, 23, 16, 108, 9, 83, 32, 12, 76, 92, 98, 65, 96, 53, 123, 33, 44, 28, 43, 57, 56, 69, 103, 46, 13, 14, 30, 0, 74, 35, 40, 49, 8, 24, 70, 68, 36, 104, 10] <-- Page - 10
[29, 85, 38, 86, 67, 17, 55, 21, 48, 26, 109, -5, 87, 60, 75, 73, 15, 72, 54, 52, -23, 63, 45, 50, 34, 20, 64, 79, 115, -6, 77, 125, 42, 51, 89, 41, 11, 59, 88, 31, 66, 58, 47, 84, 61, 107, 1, 62, 81, 37, -2, 23, 16, 108, 9, 83, 32, 12, 76, 92, 98, 65, 96, 53, 123, 33, 44, 28, 43, 57, 56, 69, 103, 46, 13, 14, 30, 0, 74, 35, 40, 49, 8, 24, 70, 68, 36, 104, 10, 39] <-- Page - 39
[29, 85, 38, 86, 67, 17, 55, 21, 48, 26, 109, -5, 87, 60, 75, 73, 15, 72, 54, 52, -23, 63, 45, 50, 34, 20, 64, 79, 115, -6, 77, 125, 42, 51, 89, 41, 11, 59, 88, 31, 66, 58, 47, 84, 61, 107, 1, 62, 81, 37, -2, 23, 16, 108, 9, 83, 32, 12, 76, 92, 98, 65, 96, 53, 123, 33, 44, 28, 57, 56, 69, 103, 46, 13, 14, 30, 0, 74, 35, 40, 49, 8, 24, 70, 68, 36, 104, 10, 39, 43] <-- Page - 43
[85, 38, 86, 67, 17, 55, 21, 48, 26, 109, -5, 87, 60, 75, 73, 15, 72, 54, 52, -23, 63, 45, 50, 34, 20, 64, 79, 115, -6, 77, 125, 42, 51, 89, 41, 11, 59, 88, 31, 66, 58, 47, 84, 61, 107, 1, 62, 81, 37, -2, 23, 16, 108, 9, 83, 32, 12, 76, 92, 98, 65, 96, 53, 123, 33, 44, 28, 57, 56, 69, 103, 46, 13, 14, 30, 0, 74, 35, 40, 49, 8, 24, 70, 68, 36, 104, 10, 39, 43, -33] <-- Page - -33 | Page Fault Here
[85, 38, 86, 67, 17, 55, 21, 48, 26, 109, -5, 87, 60, 75, 73, 15, 72, 54, 52, -23, 63, 45, 50, 34, 20, 64, 79, 115, -6, 77, 125, 42, 51, 89, 41, 11, 59, 88, 31, 66, 58, 47, 84, 61, 107, 1, 62, 81, 37, -2, 23, 16, 9, 83, 32, 12, 76, 92, 98, 65, 96, 53, 123, 33, 44, 28, 57, 56, 69, 103, 46, 13, 14, 30, 0, 74, 35, 40, 49, 8, 24, 70, 68, 36, 104, 10, 39, 43, -33, 108] <-- Page - 108
[85, 38, 86, 67, 17, 55, 21, 48, 26, 109, -5, 87, 75, 73, 15, 72, 54, 52, -23, 63, 45, 50, 34, 20, 64, 79, 115, -6, 77, 125, 42, 51, 89, 41, 11, 59, 88, 31, 66, 58, 47, 84, 61, 107, 1, 62, 81, 37, -2, 23, 16, 9, 83, 32, 12, 76, 92, 98, 65, 96, 53, 123, 33, 44, 28, 57, 56, 69, 103, 46, 13, 14, 30, 0, 74, 35, 40, 49, 8, 24, 70, 68, 36, 104, 10, 39, 43, -33, 108, 60] <-- Page - 60
[38, 86, 67, 17, 55, 21, 48, 26, 109, -5, 87, 75, 73, 15, 72, 54, 52, -23, 63, 45, 50, 34, 20, 64, 79, 115, -6, 77, 125, 42, 51, 89, 41, 11, 59, 88, 31, 66, 58, 47, 84, 61, 107, 1, 62, 81, 37, -2, 23, 16, 9, 83, 32, 12, 76, 92, 98, 65, 96, 53, 123, 33, 44, 28, 57, 56, 69, 103, 46, 13, 14, 30, 0, 74, 35, 40, 49, 8, 24, 70, 68, 36, 104, 10, 39, 43, -33, 108, 60, 18] <-- Page - 18 | Page Fault Here
[86, 67, 17, 55, 21, 48, 26, 109, -5, 87, 75, 73, 15, 72, 54, 52, -23, 63, 45, 50, 34, 20, 64, 79, 115, -6, 77, 125, 42, 51, 89, 41, 11, 59, 88, 31, 66, 58, 47, 84, 61, 107, 1, 62, 81, 37, -2, 23, 16, 9, 83, 32, 12, 76, 92, 98, 65, 96, 53, 123, 33, 44, 28, 57, 56, 69, 103, 46, 13, 14, 30, 0, 74, 35, 40, 49, 8, 24, 70, 68, 36, 104, 10, 39, 43, -33, 108, 60, 18, 111] <-- Page - 111 | Page Fault Here
[86, 17, 55, 21, 48, 26, 109, -5, 87, 75, 73, 15, 72, 54, 52, -23, 63, 45, 50, 34, 20, 64, 79, 115, -6, 77, 125, 42, 51, 89, 41, 11, 59, 88, 31, 66, 58, 47, 84, 61, 107, 1, 62, 81, 37, -2, 23, 16, 9, 83, 32, 12, 76, 92, 98, 65, 96, 53, 123, 33, 44, 28, 57, 56, 69, 103, 46, 13, 14, 30, 0, 74, 35, 40, 49, 8, 24, 70, 68, 36, 104, 10, 39, 43, -33, 108, 60, 18, 111, 67] <-- Page - 67
[86, 17, 55, 21, 48, 26, 109, -5, 87, 75, 73, 15, 72, 54, 52, -23, 63, 45, 50, 34, 20, 64, 79, 115, -6, 77, 125, 42, 51, 89, 41, 11, 59, 88, 31, 66, 58, 47, 84, 61, 107, 1, 81, 37, -2, 23, 16, 9, 83, 32, 12, 76, 92, 98, 65, 96, 53, 123, 33, 44, 28, 57, 56, 69, 103, 46, 13, 14, 30, 0, 74, 35, 40, 49, 8, 24, 70, 68, 36, 104, 10, 39, 43, -33, 108, 60, 18, 111, 67, 62] <-- Page - 62
[86, 17, 55, 21, 48, 26, 109, -5, 87, 75, 73, 15, 72, 54, 52, -23, 63, 45, 50, 34, 20, 64, 79, 115, -6, 77, 125, 42, 51, 89, 41, 11, 59, 88, 66, 58, 47, 84, 61, 107, 1, 81, 37, -2, 23, 16, 9, 83, 32, 12, 76, 92, 98, 65, 96, 53, 123, 33, 44, 28, 57, 56, 69, 103, 46, 13, 14, 30, 0, 74, 35, 40, 49, 8, 24, 70, 68, 36, 104, 10, 39, 43, -33, 108, 60, 18, 111, 67, 62, 31] <-- Page - 31
[86, 17, 55, 21, 48, 26, 109, -5, 87, 75, 73, 15, 72, 54, 52, -23, 63, 45, 50, 34, 20, 64, 79, 115, -6, 77, 125, 42, 51, 89, 41, 11, 59, 88, 66, 58, 47, 84, 61, 107, 1, 81, 37, -2, 23, 16, 9, 83, 32, 12, 76, 92, 98, 65, 96, 123, 33, 44, 28, 57, 56, 69, 103, 46, 13, 14, 30, 0, 74, 35, 40, 49, 8, 24, 70, 68, 36, 104, 10, 39, 43, -33, 108, 60, 18, 111, 67, 62, 31, 53] <-- Page - 53
[17, 55, 21, 48, 26, 109, -5, 87, 75, 73, 15, 72, 54, 52, -23, 63, 45, 50, 34, 20, 64, 79, 115, -6, 77, 125, 42, 51, 89, 41, 11, 59, 88, 66, 58, 47, 84, 61, 107, 1, 81, 37, -2, 23, 16, 9, 83, 32, 12, 76, 92, 98, 65, 96, 123, 33, 44, 28, 57, 56, 69, 103, 46, 13, 14, 30, 0, 74, 35, 40, 49, 8, 24, 70, 68, 36, 104, 10, 39, 43, -33, 108, 60, 18, 111, 67, 62, 31, 53, 4] <-- Page - 4 | Page Fault Here
[17, 55, 21, 48, 26, 109, -5, 87, 75, 15, 72, 54, 52, -23, 63, 45, 50, 34, 20, 64, 79, 115, -6, 77, 125, 42, 51, 89, 41, 11, 59, 88, 66, 58, 47, 84, 61, 107, 1, 81, 37, -2, 23, 16, 9, 83, 32, 12, 76, 92, 98, 65, 96, 123, 33, 44, 28, 57, 56, 69, 103, 46, 13, 14, 30, 0, 74, 35, 40, 49, 8, 24, 70, 68, 36, 104, 10, 39, 43, -33, 108, 60, 18, 111, 67, 62, 31, 53, 4, 73] <-- Page - 73
[55, 21, 48, 26, 109, -5, 87, 75, 15, 72, 54, 52, -23, 63, 45, 50, 34, 20, 64, 79, 115, -6, 77, 125, 42, 51, 89, 41, 11, 59, 88, 66, 58, 47, 84, 61, 107, 1, 81, 37, -2, 23, 16, 9, 83, 32, 12, 76, 92, 98, 65, 96, 123, 33, 44, 28, 57, 56, 69, 103, 46, 13, 14, 30, 0, 74, 35, 40, 49, 8, 24, 70, 68, 36, 104, 10, 39, 43, -33, 108, 60, 18, 111, 67, 62, 31, 53, 4, 73, 38] <-- Page - 38 | Page Fault Here
[55, 21, 48, 26, 109, -5, 87, 75, 15, 72, 52, -23, 63, 45, 50, 34, 20, 64, 79, 115, -6, 77, 125, 42, 51, 89, 41, 11, 59, 88, 66, 58, 47, 84, 61, 107, 1, 81, 37, -2, 23, 16, 9, 83, 32, 12, 76, 92, 98, 65, 96, 123, 33, 44, 28, 57, 56, 69, 103, 46, 13, 14, 30, 0, 74, 35, 40, 49, 8, 24, 70, 68, 36, 104, 10, 39, 43, -33, 108, 60, 18, 111, 67, 62, 31, 53, 4, 73, 38, 54] <-- Page - 54
[21, 48, 26, 109, -5, 87, 75, 15, 72, 52, -23, 63, 45, 50, 34, 20, 64, 79, 115, -6, 77, 125, 42, 51, 89, 41, 11, 59, 88, 66, 58, 47, 84, 61, 107, 1, 81, 37, -2, 23, 16, 9, 83, 32, 12, 76, 92, 98, 65, 96, 123, 33, 44, 28, 57, 56, 69, 103, 46, 13, 14, 30, 0, 74, 35, 40, 49, 8, 24, 70, 68, 36, 104, 10, 39, 43, -33, 108, 60, 18, 111, 67, 62, 31, 53, 4, 73, 38, 54, 86] <-- Page - 86 | Page Fault Here
[21, 48, 26, 109, -5, 87, 75, 15, 72, 52, -23, 63, 45, 50, 34, 20, 64, 79, 115, -6, 77, 125, 42, 51, 89, 41, 11, 59, 88, 66, 47, 84, 61, 107, 1, 81, 37, -2, 23, 16, 9, 83, 32, 12, 76, 92, 98, 65, 96, 123, 33, 44, 28, 57, 56, 69, 103, 46, 13, 14, 30, 0, 74, 35, 40, 49, 8, 24, 70, 68, 36, 104, 10, 39, 43, -33, 108, 60, 18, 111, 67, 62, 31, 53, 4, 73, 38, 54, 86, 58] <-- Page - 58
[21, 48, 26, 109, -5, 87, 75, 15, 72, 52, -23, 63, 45, 50, 34, 20, 64, 79, 115, -6, 77, 125, 42, 51, 89, 41, 11, 59, 88, 66, 47, 84, 61, 107, 1, 81, 37, -2, 23, 16, 9, 83, 32, 12, 76, 92, 98, 65, 96, 123, 33, 44, 28, 56, 69, 103, 46, 13, 14, 30, 0, 74, 35, 40, 49, 8, 24, 70, 68, 36, 104, 10, 39, 43, -33, 108, 60, 18, 111, 67, 62, 31, 53, 4, 73, 38, 54, 86, 58, 57] <-- Page - 57
[21, 48, 26, 109, -5, 87, 75, 15, 72, 52, -23, 63, 45, 50, 34, 20, 64, 79, 115, -6, 77, 125, 42, 51, 89, 41, 11, 59, 88, 66, 47, 84, 61, 107, 1, 81, 37, -2, 23, 16, 9, 83, 32, 12, 76, 92, 98, 65, 96, 123, 33, 44, 28, 56, 69, 103, 46, 13, 14, 30, 0, 74, 35, 40, 49, 8, 24, 70, 68, 36, 104, 10, 39, 43, -33, 108, 60, 18, 111, 67, 62, 31, 53, 4, 73, 38, 54, 86, 57, 58] <-- Page - 58
[21, 48, 26, 109, -5, 87, 75, 15, 72, 52, -23, 63, 45, 50, 34, 20, 64, 79, 115, -6, 77, 125, 42, 51, 89, 41, 11, 59, 88, 66, 47, 84, 61, 107, 1, 81, 37, -2, 23, 16, 9, 83, 32, 12, 76, 92, 98, 65, 96, 123, 33, 44, 56, 69, 103, 46, 13, 14, 30, 0, 74, 35, 40, 49, 8, 24, 70, 68, 36, 104, 10, 39, 43, -33, 108, 60, 18, 111, 67, 62, 31, 53, 4, 73, 38, 54, 86, 57, 58, 28] <-- Page - 28
[21, 48, 26, 109, -5, 87, 15, 72, 52, -23, 63, 45, 50, 34, 20, 64, 79, 115, -6, 77, 125, 42, 51, 89, 41, 11, 59, 88, 66, 47, 84, 61, 107, 1, 81, 37, -2, 23, 16, 9, 83, 32, 12, 76, 92, 98, 65, 96, 123, 33, 44, 56, 69, 103, 46, 13, 14, 30, 0, 74, 35, 40, 49, 8, 24, 70, 68, 36, 104, 10, 39, 43, -33, 108, 60, 18, 111, 67, 62, 31, 53, 4, 73, 38, 54, 86, 57, 58, 28, 75] <-- Page - 75
[21, 48, 26, 109, -5, 87, 15, 72, 52, -23, 63, 45, 50, 34, 20, 64, 79, 115, -6, 77, 125, 42, 51, 89, 41, 11, 59, 88, 66, 47, 84, 61, 107, 1, 81, 37, -2, 23, 16, 9, 83, 32, 12, 76, 92, 98, 65, 123, 33, 44, 56, 69, 103, 46, 13, 14, 30, 0, 74, 35, 40, 49, 8, 24, 70, 68, 36, 104, 10, 39, 43, -33, 108, 60, 18, 111, 67, 62, 31, 53, 4, 73, 38, 54, 86, 57, 58, 28, 75, 96] <-- Page - 96
[21, 48, 26, 109, -5, 87, 15, 52, -23, 63, 45, 50, 34, 20, 64, 79, 115, -6, 77, 125, 42, 51, 89, 41, 11, 59, 88, 66, 47, 84, 61, 107, 1, 81, 37, -2, 23, 16, 9, 83, 32, 12, 76, 92, 98, 65, 123, 33, 44, 56, 69, 103, 46, 13, 14, 30, 0, 74, 35, 40, 49, 8, 24, 70, 68, 36, 104, 10, 39, 43, -33, 108, 60, 18, 111, 67, 62, 31, 53, 4, 73, 38, 54, 86, 57, 58, 28, 75, 96, 72] <-- Page - 72
[21, 48, 26, 109, -5, 87, 15, 52, -23, 63, 45, 50, 34, 20, 64, 79, 115, -6, 77, 125, 42, 51, 89, 41, 11, 59, 88, 66, 47, 84, 61, 107, 1, 81, 37, -2, 23, 16, 9, 83, 32, 12, 92, 98, 65, 123, 33, 44, 56, 69, 103, 46, 13, 14, 30, 0, 74, 35, 40, 49, 8, 24, 70, 68, 36, 104, 10, 39, 43, -33, 108, 60, 18, 111, 67, 62, 31, 53, 4, 73, 38, 54, 86, 57, 58, 28, 75, 96, 72, 76] <-- Page - 76
[21, 48, 26, 109, -5, 87, 15, 52, -23, 63, 45, 50, 34, 20, 64, 79, 115, -6, 77, 125, 42, 51, 89, 41, 11, 59, 88, 66, 47, 84, 61, 107, 1, 81, 37, -2, 16, 9, 83, 32, 12, 92, 98, 65, 123, 33, 44, 56, 69, 103, 46, 13, 14, 30, 0, 74, 35, 40, 49, 8, 24, 70, 68, 36, 104, 10, 39, 43, -33, 108, 60, 18, 111, 67, 62, 31, 53, 4, 73, 38, 54, 86, 57, 58, 28, 75, 96, 72, 76, 23] <-- Page - 23
[21, 48, 26, 109, -5, 87, 15, 52, -23, 63, 45, 50, 34, 20, 64, 79, 115, -6, 77, 125, 42, 51, 89, 41, 11, 59, 88, 66, 47, 84, 61, 107, 1, 81, 37, -2, 16, 9, 83, 32, 12, 92, 98, 65, 123, 33, 44, 56, 69, 103, 46, 13, 14, 30, 0, 74, 35, 40, 49, 8, 24, 70, 68, 36, 104, 10, 39, 43, -33, 108, 60, 18, 111, 67, 62, 31, 53, 4, 73, 38, 54, 86, 57, 58, 28, 75, 96, 72, 76, 23] <-- Page - 23
[48, 26, 109, -5, 87, 15, 52, -23, 63, 45, 50, 34, 20, 64, 79, 115, -6, 77, 125, 42, 51, 89, 41, 11, 59, 88, 66, 47, 84, 61, 107, 1, 81, 37, -2, 16, 9, 83, 32, 12, 92, 98, 65, 123, 33, 44, 56, 69, 103, 46, 13, 14, 30, 0, 74, 35, 40, 49, 8, 24, 70, 68, 36, 104, 10, 39, 43, -33, 108, 60, 18, 111, 67, 62, 31, 53, 4, 73, 38, 54, 86, 57, 58, 28, 75, 96, 72, 76, 23, 6] <-- Page - 6 | Page Fault Here
[48, 26, 109, -5, 87, 15, 52, -23, 63, 45, 50, 34, 20, 64, 79, 115, -6, 77, 125, 42, 51, 89, 41, 11, 59, 88, 66, 47, 84, 61, 107, 1, 81, 37, -2, 16, 9, 83, 32, 12, 92, 98, 65, 123, 33, 44, 56, 69, 103, 46, 13, 14, 30, 0, 74, 35, 40, 49, 8, 24, 70, 68, 36, 104, 10, 39, 43, -33, 108, 60, 18, 111, 67, 62, 31, 53, 4, 73, 38, 54, 57, 58, 28, 75, 96, 72, 76, 23, 6, 86] <-- Page - 86
[48, 26, 109, -5, 87, 15, 52, -23, 63, 45, 50, 34, 20, 64, 79, 115, -6, 77, 125, 51, 89, 41, 11, 59, 88, 66, 47, 84, 61, 107, 1, 81, 37, -2, 16, 9, 83, 32, 12, 92, 98, 65, 123, 33, 44, 56, 69, 103, 46, 13, 14, 30, 0, 74, 35, 40, 49, 8, 24, 70, 68, 36, 104, 10, 39, 43, -33, 108, 60, 18, 111, 67, 62, 31, 53, 4, 73, 38, 54, 57, 58, 28, 75, 96, 72, 76, 23, 6, 86, 42] <-- Page - 42
[26, 109, -5, 87, 15, 52, -23, 63, 45, 50, 34, 20, 64, 79, 115, -6, 77, 125, 51, 89, 41, 11, 59, 88, 66, 47, 84, 61, 107, 1, 81, 37, -2, 16, 9, 83, 32, 12, 92, 98, 65, 123, 33, 44, 56, 69, 103, 46, 13, 14, 30, 0, 74, 35, 40, 49, 8, 24, 70, 68, 36, 104, 10, 39, 43, -33, 108, 60, 18, 111, 67, 62, 31, 53, 4, 73, 38, 54, 57, 58, 28, 75, 96, 72, 76, 23, 6, 86, 42, 91] <-- Page - 91 | Page Fault Here
[109, -5, 87, 15, 52, -23, 63, 45, 50, 34, 20, 64, 79, 115, -6, 77, 125, 51, 89, 41, 11, 59, 88, 66, 47, 84, 61, 107, 1, 81, 37, -2, 16, 9, 83, 32, 12, 92, 98, 65, 123, 33, 44, 56, 69, 103, 46, 13, 14, 30, 0, 74, 35, 40, 49, 8, 24, 70, 68, 36, 104, 10, 39, 43, -33, 108, 60, 18, 111, 67, 62, 31, 53, 4, 73, 38, 54, 57, 58, 28, 75, 96, 72, 76, 23, 6, 86, 42, 91, 26] <-- Page - 26
[109, -5, 87, 15, 52, -23, 63, 45, 50, 34, 20, 64, 79, 115, -6, 77, 125, 51, 89, 41, 11, 59, 88, 66, 47, 84, 61, 107, 1, 81, 37, -2, 16, 9, 83, 32, 12, 92, 98, 65, 123, 33, 44, 56, 69, 103, 46, 13, 14, 30, 0, 74, 35, 40, 49, 8, 24, 70, 68, 104, 10, 39, 43, -33, 108, 60, 18, 111, 67, 62, 31, 53, 4, 73, 38, 54, 57, 58, 28, 75, 96, 72, 76, 23, 6, 86, 42, 91, 26, 36] <-- Page - 36
[109, -5, 87, 15, -23, 63, 45, 50, 34, 20, 64, 79, 115, -6, 77, 125, 51, 89, 41, 11, 59, 88, 66, 47, 84, 61, 107, 1, 81, 37, -2, 16, 9, 83, 32, 12, 92, 98, 65, 123, 33, 44, 56, 69, 103, 46, 13, 14, 30, 0, 74, 35, 40, 49, 8, 24, 70, 68, 104, 10, 39, 43, -33, 108, 60, 18, 111, 67, 62, 31, 53, 4, 73, 38, 54, 57, 58, 28, 75, 96, 72, 76, 23, 6, 86, 42, 91, 26, 36, 52] <-- Page - 52
[109, -5, 87, 15, -23, 63, 45, 50, 34, 20, 64, 79, 115, -6, 125, 51, 89, 41, 11, 59, 88, 66, 47, 84, 61, 107, 1, 81, 37, -2, 16, 9, 83, 32, 12, 92, 98, 65, 123, 33, 44, 56, 69, 103, 46, 13, 14, 30, 0, 74, 35, 40, 49, 8, 24, 70, 68, 104, 10, 39, 43, -33, 108, 60, 18, 111, 67, 62, 31, 53, 4, 73, 38, 54, 57, 58, 28, 75, 96, 72, 76, 23, 6, 86, 42, 91, 26, 36, 52, 77] <-- Page - 77
[109, -5, 87, 15, -23, 63, 45, 50, 34, 20, 64, 79, 115, -6, 125, 89, 41, 11, 59, 88, 66, 47, 84, 61, 107, 1, 81, 37, -2, 16, 9, 83, 32, 12, 92, 98, 65, 123, 33, 44, 56, 69, 103, 46, 13, 14, 30, 0, 74, 35, 40, 49, 8, 24, 70, 68, 104, 10, 39, 43, -33, 108, 60, 18, 111, 67, 62, 31, 53, 4, 73, 38, 54, 57, 58, 28, 75, 96, 72, 76, 23, 6, 86, 42, 91, 26, 36, 52, 77, 51] <-- Page - 51
[109, -5, 87, 15, -23, 63, 45, 50, 34, 20, 64, 79, 115, -6, 125, 89, 41, 11, 59, 88, 66, 47, 84, 61, 107, 1, 81, 37, -2, 16, 9, 83, 32, 12, 92, 98, 65, 123, 33, 44, 69, 103, 46, 13, 14, 30, 0, 74, 35, 40, 49, 8, 24, 70, 68, 104, 10, 39, 43, -33, 108, 60, 18, 111, 67, 62, 31, 53, 4, 73, 38, 54, 57, 58, 28, 75, 96, 72, 76, 23, 6, 86, 42, 91, 26, 36, 52, 77, 51, 56] <-- Page - 56
[109, -5, 87, 15, -23, 63, 45, 34, 20, 64, 79, 115, -6, 125, 89, 41, 11, 59, 88, 66, 47, 84, 61, 107, 1, 81, 37, -2, 16, 9, 83, 32, 12, 92, 98, 65, 123, 33, 44, 69, 103, 46, 13, 14, 30, 0, 74, 35, 40, 49, 8, 24, 70, 68, 104, 10, 39, 43, -33, 108, 60, 18, 111, 67, 62, 31, 53, 4, 73, 38, 54, 57, 58, 28, 75, 96, 72, 76, 23, 6, 86, 42, 91, 26, 36, 52, 77, 51, 56, 50] <-- Page - 50
[-5, 87, 15, -23, 63, 45, 34, 20, 64, 79, 115, -6, 125, 89, 41, 11, 59, 88, 66, 47, 84, 61, 107, 1, 81, 37, -2, 16, 9, 83, 32, 12, 92, 98, 65, 123, 33, 44, 69, 103, 46, 13, 14, 30, 0, 74, 35, 40, 49, 8, 24, 70, 68, 104, 10, 39, 43, -33, 108, 60, 18, 111, 67, 62, 31, 53, 4, 73, 38, 54, 57, 58, 28, 75, 96, 72, 76, 23, 6, 86, 42, 91, 26, 36, 52, 77, 51, 56, 50, 55] <-- Page - 55 | Page Fault Here
[-5, 87, 15, -23, 63, 45, 34, 20, 64, 79, 115, -6, 125, 89, 41, 11, 59, 88, 66, 47, 84, 61, 107, 1, 81, 37, -2, 9, 83, 32, 12, 92, 98, 65, 123, 33, 44, 69, 103, 46, 13, 14, 30, 0, 74, 35, 40, 49, 8, 24, 70, 68, 104, 10, 39, 43, -33, 108, 60, 18, 111, 67, 62, 31, 53, 4, 73, 38, 54, 57, 58, 28, 75, 96, 72, 76, 23, 6, 86, 42, 91, 26, 36, 52, 77, 51, 56, 50, 55, 16] <-- Page - 16
[-5, 87, 15, -23, 63, 45, 34, 20, 64, 79, 115, -6, 125, 89, 41, 11, 59, 88, 66, 47, 84, 61, 107, 1, 81, 37, -2, 9, 83, 32, 12, 92, 98, 65, 123, 33, 44, 69, 103, 46, 13, 14, 30, 0, 74, 35, 40, 49, 8, 24, 70, 68, 104, 10, 39, 43, -33, 108, 60, 18, 111, 67, 62, 31, 53, 4, 73, 38, 54, 57, 58, 28, 75, 96, 72, 76, 23, 6, 86, 42, 91, 26, 36, 77, 51, 56, 50, 55, 16, 52] <-- Page - 52
[-5, 87, 15, -23, 63, 45, 34, 20, 64, 79, 115, -6, 125, 89, 41, 11, 59, 88, 66, 47, 84, 61, 107, 1, 81, 37, -2, 9, 83, 32, 12, 92, 98, 65, 123, 33, 69, 103, 46, 13, 14, 30, 0, 74, 35, 40, 49, 8, 24, 70, 68, 104, 10, 39, 43, -33, 108, 60, 18, 111, 67, 62, 31, 53, 4, 73, 38, 54, 57, 58, 28, 75, 96, 72, 76, 23, 6, 86, 42, 91, 26, 36, 77, 51, 56, 50, 55, 16, 52, 44] <-- Page - 44
[87, 15, -23, 63, 45, 34, 20, 64, 79, 115, -6, 125, 89, 41, 11, 59, 88, 66, 47, 84, 61, 107, 1, 81, 37, -2, 9, 83, 32, 12, 92, 98, 65, 123, 33, 69, 103, 46, 13, 14, 30, 0, 74, 35, 40, 49, 8, 24, 70, 68, 104, 10, 39, 43, -33, 108, 60, 18, 111, 67, 62, 31, 53, 4, 73, 38, 54, 57, 58, 28, 75, 96, 72, 76, 23, 6, 86, 42, 91, 26, 36, 77, 51, 56, 50, 55, 16, 52, 44, 48] <-- Page - 48 | Page Fault Here
[87, 15, -23, 63, 45, 34, 20, 79, 115, -6, 125, 89, 41, 11, 59, 88, 66, 47, 84, 61, 107, 1, 81, 37, -2, 9, 83, 32, 12, 92, 98, 65, 123, 33, 69, 103, 46, 13, 14, 30, 0, 74, 35, 40, 49, 8, 24, 70, 68, 104, 10, 39, 43, -33, 108, 60, 18, 111, 67, 62, 31, 53, 4, 73, 38, 54, 57, 58, 28, 75, 96, 72, 76, 23, 6, 86, 42, 91, 26, 36, 77, 51, 56, 50, 55, 16, 52, 44, 48, 64] <-- Page - 64
[15, -23, 63, 45, 34, 20, 79, 115, -6, 125, 89, 41, 11, 59, 88, 66, 47, 84, 61, 107, 1, 81, 37, -2, 9, 83, 32, 12, 92, 98, 65, 123, 33, 69, 103, 46, 13, 14, 30, 0, 74, 35, 40, 49, 8, 24, 70, 68, 104, 10, 39, 43, -33, 108, 60, 18, 111, 67, 62, 31, 53, 4, 73, 38, 54, 57, 58, 28, 75, 96, 72, 76, 23, 6, 86, 42, 91, 26, 36, 77, 51, 56, 50, 55, 16, 52, 44, 48, 64, 29] <-- Page - 29 | Page Fault Here
[15, -23, 63, 45, 34, 20, 79, 115, -6, 125, 89, 41, 11, 59, 88, 66, 84, 61, 107, 1, 81, 37, -2, 9, 83, 32, 12, 92, 98, 65, 123, 33, 69, 103, 46, 13, 14, 30, 0, 74, 35, 40, 49, 8, 24, 70, 68, 104, 10, 39, 43, -33, 108, 60, 18, 111, 67, 62, 31, 53, 4, 73, 38, 54, 57, 58, 28, 75, 96, 72, 76, 23, 6, 86, 42, 91, 26, 36, 77, 51, 56, 50, 55, 16, 52, 44, 48, 64, 29, 47] <-- Page - 47
[15, -23, 63, 45, 34, 20, 79, 115, -6, 125, 89, 11, 59, 88, 66, 84, 61, 107, 1, 81, 37, -2, 9, 83, 32, 12, 92, 98, 65, 123, 33, 69, 103, 46, 13, 14, 30, 0, 74, 35, 40, 49, 8, 24, 70, 68, 104, 10, 39, 43, -33, 108, 60, 18, 111, 67, 62, 31, 53, 4, 73, 38, 54, 57, 58, 28, 75, 96, 72, 76, 23, 6, 86, 42, 91, 26, 36, 77, 51, 56, 50, 55, 16, 52, 44, 48, 64, 29, 47, 41] <-- Page - 41
[15, -23, 63, 45, 34, 20, 79, 115, -6, 125, 89, 11, 59, 88, 66, 84, 61, 107, 1, 81, 37, -2, 9, 83, 32, 12, 92, 98, 65, 123, 33, 69, 103, 46, 13, 14, 30, 0, 74, 35, 40, 49, 8, 24, 70, 68, 104, 10, 39, 43, -33, 108, 60, 18, 111, 67, 31, 53, 4, 73, 38, 54, 57, 58, 28, 75, 96, 72, 76, 23, 6, 86, 42, 91, 26, 36, 77, 51, 56, 50, 55, 16, 52, 44, 48, 64, 29, 47, 41, 62] <-- Page - 62
[15, -23, 63, 45, 34, 20, 79, 115, -6, 125, 89, 11, 59, 88, 66, 84, 61, 107, 1, 81, 37, -2, 9, 83, 32, 12, 92, 98, 65, 123, 33, 69, 103, 46, 13, 14, 30, 0, 74, 35, 40, 49, 8, 24, 70, 68, 104, 10, 39, 43, -33, 108, 60, 18, 111, 67, 31, 53, 4, 38, 54, 57, 58, 28, 75, 96, 72, 76, 23, 6, 86, 42, 91, 26, 36, 77, 51, 56, 50, 55, 16, 52, 44, 48, 64, 29, 47, 41, 62, 73] <-- Page - 73
[-23, 63, 45, 34, 20, 79, 115, -6, 125, 89, 11, 59, 88, 66, 84, 61, 107, 1, 81, 37, -2, 9, 83, 32, 12, 92, 98, 65, 123, 33, 69, 103, 46, 13, 14, 30, 0, 74, 35, 40, 49, 8, 24, 70, 68, 104, 10, 39, 43, -33, 108, 60, 18, 111, 67, 31, 53, 4, 38, 54, 57, 58, 28, 75, 96, 72, 76, 23, 6, 86, 42, 91, 26, 36, 77, 51, 56, 50, 55, 16, 52, 44, 48, 64, 29, 47, 41, 62, 73, 21] <-- Page - 21 | Page Fault Here
[-23, 63, 45, 34, 20, 79, 115, -6, 125, 89, 11, 59, 88, 66, 84, 61, 107, 1, 81, 37, -2, 9, 83, 32, 12, 92, 98, 65, 123, 33, 69, 103, 46, 13, 14, 30, 0, 74, 35, 40, 49, 8, 24, 70, 68, 104, 10, 39, 43, -33, 108, 60, 18, 111, 31, 53, 4, 38, 54, 57, 58, 28, 75, 96, 72, 76, 23, 6, 86, 42, 91, 26, 36, 77, 51, 56, 50, 55, 16, 52, 44, 48, 64, 29, 47, 41, 62, 73, 21, 67] <-- Page - 67
------------------------------------------------------------
