# seed = 1 mean = 50 standard_deviation = 3 number_of_pages = 300
Capacity of LRU = 90
------------------------------------------------------------
Page Faults = 17
Page Hits = 283
------------------------------------------------------------
[54] <-- Page - 54 | Page Fault Here
[54, 48] <-- Page - 48 | Page Fault Here
[54, 48] <-- Page - 48
[54, 48, 46] <-- Page - 46 | Page Fault Here
[54, 48, 46, 52] <-- Page - 52 | Page Fault Here
[54, 48, 46, 52, 43] <-- Page - 43 | Page Fault Here
[54, 48, 46, 52, 43, 55] <-- Page - 55 | Page Fault Here
[54, 48, 46, 52, 43, 55, 47] <-- Page - 47 | Page Fault Here
[54, 48, 46, 52, 43, 55, 47, 50] <-- Page - 50 | Page Fault Here
[54, 48, 46, 52, 43, 55, 47, 50, 49] <-- Page - 49 | Page Fault Here
[48, 46, 52, 43, 55, 47, 50, 49, 54] <-- Page - 54
[48, 46, 52, 55, 47, 50, 49, 54, 43] <-- Page - 43
[48, 46, 52, 55, 47, 50, 54, 43, 49] <-- Page - 49
[46, 52, 55, 47, 50, 54, 43, 49, 48] <-- Page - 48
[46, 52, 55, 47, 50, 54, 43, 49, 48, 53] <-- Page - 53 | Page Fault Here
[52, 55, 47, 50, 54, 43, 49, 48, 53, 46] <-- Page - 46
[52, 55, 47, 50, 54, 43, 48, 53, 46, 49] <-- Page - 49
[52, 55, 50, 54, 43, 48, 53, 46, 49, 47] <-- Page - 47
[52, 55, 54, 43, 48, 53, 46, 49, 47, 50] <-- Page - 50
[52, 55, 54, 43, 48, 53, 46, 49, 47, 50, 51] <-- Page - 51 | Page Fault Here
[52, 55, 54, 43, 48, 53, 49, 47, 50, 51, 46] <-- Page - 46
[52, 55, 54, 43, 48, 49, 47, 50, 51, 46, 53] <-- Page - 53
[55, 54, 43, 48, 49, 47, 50, 51, 46, 53, 52] <-- Page - 52
[55, 54, 43, 48, 49, 47, 50, 46, 53, 52, 51] <-- Page - 51
[55, 54, 43, 48, 49, 47, 50, 46, 53, 51, 52] <-- Page - 52
[55, 54, 43, 48, 49, 50, 46, 53, 51, 52, 47] <-- Page - 47
[55, 54, 43, 48, 50, 46, 53, 51, 52, 47, 49] <-- Page - 49
[55, 54, 43, 48, 50, 46, 53, 51, 52, 49, 47] <-- Page - 47
[55, 54, 43, 48, 50, 46, 53, 51, 52, 47, 49] <-- Page - 49
[55, 54, 43, 48, 50, 46, 53, 52, 47, 49, 51] <-- Page - 51
[55, 54, 43, 48, 50, 46, 53, 52, 49, 51, 47] <-- Page - 47
[55, 54, 43, 50, 46, 53, 52, 49, 51, 47, 48] <-- Page - 48
[55, 54, 43, 50, 46, 53, 52, 49, 51, 48, 47] <-- Page - 47
[55, 54, 43, 50, 46, 53, 52, 49, 51, 48, 47] <-- Page - 47
[55, 54, 43, 50, 46, 53, 52, 49, 51, 48, 47] <-- Page - 47
[55, 54, 43, 50, 46, 53, 52, 51, 48, 47, 49] <-- Page - 49
[55, 54, 43, 50, 53, 52, 51, 48, 47, 49, 46] <-- Page - 46
[55, 54, 43, 53, 52, 51, 48, 47, 49, 46, 50] <-- Page - 50
[55, 43, 53, 52, 51, 48, 47, 49, 46, 50, 54] <-- Page - 54
[55, 43, 53, 51, 48, 47, 49, 46, 50, 54, 52] <-- Page - 52
[55, 43, 53, 51, 48, 47, 46, 50, 54, 52, 49] <-- Page - 49
[55, 43, 53, 51, 48, 46, 50, 54, 52, 49, 47] <-- Page - 47
[55, 43, 53, 51, 48, 46, 50, 54, 52, 49, 47] <-- Page - 47
[43, 53, 51, 48, 46, 50, 54, 52, 49, 47, 55] <-- Page - 55
[43, 53, 51, 48, 46, 54, 52, 49, 47, 55, 50] <-- Page - 50
[43, 53, 51, 46, 54, 52, 49, 47, 55, 50, 48] <-- Page - 48
[43, 53, 51, 46, 54, 52, 49, 47, 55, 48, 50] <-- Page - 50
[43, 53, 51, 46, 54, 52, 49, 47, 55, 48, 50, 56] <-- Page - 56 | Page Fault Here
[43, 53, 51, 46, 54, 52, 49, 47, 55, 48, 56, 50] <-- Page - 50
[43, 53, 46, 54, 52, 49, 47, 55, 48, 56, 50, 51] <-- Page - 51
[43, 53, 46, 54, 52, 49, 47, 55, 48, 56, 51, 50] <-- Page - 50
[43, 53, 46, 54, 52, 49, 47, 55, 56, 51, 50, 48] <-- Page - 48
[43, 53, 54, 52, 49, 47, 55, 56, 51, 50, 48, 46] <-- Page - 46
[43, 53, 54, 52, 49, 47, 55, 56, 51, 50, 46, 48] <-- Page - 48
[43, 53, 54, 52, 47, 55, 56, 51, 50, 46, 48, 49] <-- Page - 49
[43, 53, 54, 52, 47, 55, 56, 50, 46, 48, 49, 51] <-- Page - 51
[43, 53, 54, 47, 55, 56, 50, 46, 48, 49, 51, 52] <-- Page - 52
[43, 53, 54, 47, 55, 56, 50, 46, 48, 49, 51, 52] <-- Page - 52
[43, 53, 54, 47, 55, 56, 46, 48, 49, 51, 52, 50] <-- Page - 50
[43, 53, 54, 47, 55, 56, 46, 48, 49, 51, 50, 52] <-- Page - 52
[43, 53, 54, 55, 56, 46, 48, 49, 51, 50, 52, 47] <-- Page - 47
[43, 54, 55, 56, 46, 48, 49, 51, 50, 52, 47, 53] <-- Page - 53
[43, 54, 55, 56, 46, 48, 49, 50, 52, 47, 53, 51] <-- Page - 51
[43, 54, 55, 56, 46, 48, 50, 52, 47, 53, 51, 49] <-- Page - 49
[43, 54, 55, 56, 46, 48, 50, 52, 47, 53, 49, 51] <-- Page - 51
[43, 54, 55, 56, 46, 48, 50, 52, 47, 53, 51, 49] <-- Page - 49
[43, 54, 55, 56, 46, 48, 50, 52, 47, 51, 49, 53] <-- Page - 53
[43, 55, 56, 46, 48, 50, 52, 47, 51, 49, 53, 54] <-- Page - 54
[43, 55, 46, 48, 50, 52, 47, 51, 49, 53, 54, 56] <-- Page - 56
[43, 55, 46, 48, 50, 52, 47, 51, 49, 53, 54, 56, 45] <-- Page - 45 | Page Fault Here
[43, 55, 46, 48, 50, 52, 47, 51, 49, 53, 54, 56, 45] <-- Page - 45
[43, 55, 46, 50, 52, 47, 51, 49, 53, 54, 56, 45, 48] <-- Page - 48
[43, 55, 46, 52, 47, 51, 49, 53, 54, 56, 45, 48, 50] <-- Page - 50
[43, 55, 46, 47, 51, 49, 53, 54, 56, 45, 48, 50, 52] <-- Page - 52
[43, 55, 46, 47, 51, 49, 53, 54, 56, 45, 48, 52, 50] <-- Page - 50
[55, 46, 47, 51, 49, 53, 54, 56, 45, 48, 52, 50, 43] <-- Page - 43
[55, 46, 47, 51, 53, 54, 56, 45, 48, 52, 50, 43, 49] <-- Page - 49
[55, 46, 47, 51, 53, 54, 56, 45, 48, 50, 43, 49, 52] <-- Page - 52
[55, 46, 47, 51, 53, 54, 56, 45, 48, 43, 49, 52, 50] <-- Page - 50
[55, 46, 47, 51, 53, 54, 56, 45, 48, 43, 49, 50, 52] <-- Page - 52
[55, 46, 47, 51, 53, 54, 56, 45, 48, 43, 50, 52, 49] <-- Page - 49
[55, 46, 47, 51, 53, 54, 56, 45, 48, 43, 50, 52, 49] <-- Page - 49
[55, 46, 47, 51, 53, 54, 56, 45, 48, 43, 52, 49, 50] <-- Page - 50
[55, 46, 47, 53, 54, 56, 45, 48, 43, 52, 49, 50, 51] <-- Page - 51
[55, 46, 47, 53, 54, 56, 45, 48, 43, 52, 49, 51, 50] <-- Page - 50
[55, 46, 47, 53, 54, 56, 45, 48, 43, 52, 49, 51, 50] <-- Page - 50
[55, 46, 53, 54, 56, 45, 48, 43, 52, 49, 51, 50, 47] <-- Page - 47
[55, 46, 53, 54, 56, 45, 48, 43, 52, 49, 50, 47, 51] <-- Page - 51
[55, 46, 53, 54, 56, 45, 48, 43, 52, 49, 47, 51, 50] <-- Page - 50
[55, 46, 54, 56, 45, 48, 43, 52, 49, 47, 51, 50, 53] <-- Page - 53
[55, 46, 54, 56, 45, 48, 43, 52, 49, 47, 51, 50, 53] <-- Page - 53
[55, 46, 54, 56, 45, 48, 43, 52, 49, 47, 51, 53, 50] <-- Page - 50
[55, 46, 54, 56, 45, 43, 52, 49, 47, 51, 53, 50, 48] <-- Page - 48
[55, 46, 54, 56, 45, 43, 52, 49, 47, 51, 53, 50, 48] <-- Page - 48
[55, 46, 54, 56, 45, 43, 52, 49, 47, 53, 50, 48, 51] <-- Page - 51
[55, 46, 54, 56, 45, 43, 52, 49, 47, 53, 48, 51, 50] <-- Page - 50
[55, 46, 54, 56, 45, 43, 52, 49, 47, 53, 51, 50, 48] <-- Page - 48
[55, 46, 54, 56, 45, 43, 52, 49, 47, 53, 51, 48, 50] <-- Page - 50
[55, 46, 54, 56, 45, 43, 52, 49, 47, 53, 51, 50, 48] <-- Page - 48
[55, 46, 54, 56, 45, 43, 49, 47, 53, 51, 50, 48, 52] <-- Page - 52
[55, 46, 54, 56, 45, 43, 49, 47, 53, 51, 50, 52, 48] <-- Page - 48
[55, 46, 54, 56, 45, 43, 49, 47, 51, 50, 52, 48, 53] <-- Page - 53
[55, 46, 54, 56, 45, 43, 49, 47, 50, 52, 48, 53, 51] <-- Page - 51
[55, 46, 54, 56, 45, 43, 49, 47, 50, 52, 48, 53, 51] <-- Page - 51
[55, 54, 56, 45, 43, 49, 47, 50, 52, 48, 53, 51, 46] <-- Page - 46
[55, 54, 56, 45, 43, 49, 47, 52, 48, 53, 51, 46, 50] <-- Page - 50
[55, 54, 56, 45, 43, 49, 47, 48, 53, 51, 46, 50, 52] <-- Page - 52
[55, 54, 56, 45, 43, 49, 48, 53, 51, 46, 50, 52, 47] <-- Page - 47
[55, 54, 56, 45, 43, 48, 53, 51, 46, 50, 52, 47, 49] <-- Page - 49
[55, 54, 56, 45, 43, 48, 53, 51, 46, 52, 47, 49, 50] <-- Page - 50
[55, 54, 56, 43, 48, 53, 51, 46, 52, 47, 49, 50, 45] <-- Page - 45
[55, 54, 56, 43, 48, 53, 51, 46, 52, 47, 49, 45, 50] <-- Page - 50
[55, 54, 56, 43, 48, 53, 51, 46, 47, 49, 45, 50, 52] <-- Page - 52
[55, 54, 56, 43, 48, 53, 51, 46, 49, 45, 50, 52, 47] <-- Page - 47
[55, 54, 56, 43, 48, 53, 46, 49, 45, 50, 52, 47, 51] <-- Page - 51
[55, 54, 56, 43, 48, 53, 49, 45, 50, 52, 47, 51, 46] <-- Page - 46
[55, 54, 56, 43, 48, 53, 45, 50, 52, 47, 51, 46, 49] <-- Page - 49
[55, 54, 56, 43, 48, 53, 50, 52, 47, 51, 46, 49, 45] <-- Page - 45
[55, 54, 56, 43, 48, 50, 52, 47, 51, 46, 49, 45, 53] <-- Page - 53
[55, 54, 56, 43, 48, 50, 52, 47, 46, 49, 45, 53, 51] <-- Page - 51
[55, 54, 56, 43, 48, 50, 52, 47, 46, 45, 53, 51, 49] <-- Page - 49
[55, 54, 56, 43, 48, 50, 52, 46, 45, 53, 51, 49, 47] <-- Page - 47
[55, 54, 56, 43, 48, 50, 52, 46, 45, 51, 49, 47, 53] <-- Page - 53
[54, 56, 43, 48, 50, 52, 46, 45, 51, 49, 47, 53, 55] <-- Page - 55
[54, 56, 43, 48, 50, 52, 46, 45, 51, 49, 47, 53, 55, 44] <-- Page - 44 | Page Fault Here
[54, 56, 43, 48, 50, 52, 46, 45, 51, 49, 47, 55, 44, 53] <-- Page - 53
[56, 43, 48, 50, 52, 46, 45, 51, 49, 47, 55, 44, 53, 54] <-- Page - 54
[56, 43, 48, 50, 52, 46, 45, 49, 47, 55, 44, 53, 54, 51] <-- Page - 51
[56, 43, 48, 50, 52, 45, 49, 47, 55, 44, 53, 54, 51, 46] <-- Page - 46
[56, 43, 48, 50, 45, 49, 47, 55, 44, 53, 54, 51, 46, 52] <-- Page - 52
[56, 43, 48, 50, 45, 47, 55, 44, 53, 54, 51, 46, 52, 49] <-- Page - 49
[56, 43, 50, 45, 47, 55, 44, 53, 54, 51, 46, 52, 49, 48] <-- Page - 48
[56, 43, 50, 45, 47, 55, 44, 53, 54, 51, 52, 49, 48, 46] <-- Page - 46
[56, 43, 50, 45, 47, 55, 44, 53, 54, 52, 49, 48, 46, 51] <-- Page - 51
[56, 43, 50, 45, 47, 55, 44, 53, 54, 49, 48, 46, 51, 52] <-- Page - 52
[56, 43, 50, 45, 47, 55, 44, 53, 54, 49, 46, 51, 52, 48] <-- Page - 48
[56, 43, 50, 45, 47, 55, 44, 53, 54, 49, 46, 52, 48, 51] <-- Page - 51
[56, 43, 50, 45, 47, 55, 44, 53, 54, 49, 52, 48, 51, 46] <-- Page - 46
[56, 43, 50, 45, 47, 55, 44, 53, 54, 49, 48, 51, 46, 52] <-- Page - 52
[56, 43, 45, 47, 55, 44, 53, 54, 49, 48, 51, 46, 52, 50] <-- Page - 50
[56, 43, 45, 47, 55, 44, 53, 54, 48, 51, 46, 52, 50, 49] <-- Page - 49
[56, 43, 45, 47, 55, 44, 53, 54, 48, 51, 46, 52, 50, 49] <-- Page - 49
[56, 43, 45, 47, 55, 44, 53, 54, 48, 51, 46, 50, 49, 52] <-- Page - 52
[56, 43, 45, 47, 55, 44, 53, 54, 48, 51, 46, 50, 49, 52] <-- Page - 52
[56, 43, 45, 47, 55, 44, 53, 54, 48, 46, 50, 49, 52, 51] <-- Page - 51
[56, 43, 45, 47, 55, 44, 53, 54, 48, 46, 49, 52, 51, 50] <-- Page - 50
[56, 43, 45, 47, 55, 44, 53, 54, 48, 46, 49, 52, 51, 50] <-- Page - 50
[56, 43, 45, 47, 55, 44, 53, 54, 48, 46, 49, 52, 50, 51] <-- Page - 51
[56, 43, 45, 47, 55, 44, 53, 54, 48, 46, 49, 52, 51, 50] <-- Page - 50
[56, 43, 45, 47, 55, 44, 53, 54, 48, 46, 49, 51, 50, 52] <-- Page - 52
[56, 43, 45, 47, 55, 44, 53, 54, 48, 46, 51, 50, 52, 49] <-- Page - 49
[56, 43, 45, 47, 55, 44, 53, 54, 48, 46, 51, 50, 52, 49, 42] <-- Page - 42 | Page Fault Here
[56, 43, 45, 47, 55, 44, 54, 48, 46, 51, 50, 52, 49, 42, 53] <-- Page - 53
[43, 45, 47, 55, 44, 54, 48, 46, 51, 50, 52, 49, 42, 53, 56] <-- Page - 56
[43, 45, 47, 55, 44, 54, 48, 46, 50, 52, 49, 42, 53, 56, 51] <-- Page - 51
[43, 45, 47, 55, 44, 54, 48, 46, 50, 52, 42, 53, 56, 51, 49] <-- Page - 49
[43, 45, 47, 55, 44, 54, 48, 46, 50, 52, 42, 53, 56, 51, 49] <-- Page - 49
[43, 45, 47, 55, 44, 54, 48, 46, 50, 52, 42, 53, 56, 51, 49] <-- Page - 49
[43, 45, 47, 55, 44, 54, 48, 46, 52, 42, 53, 56, 51, 49, 50] <-- Page - 50
[43, 45, 47, 55, 44, 54, 48, 52, 42, 53, 56, 51, 49, 50, 46] <-- Page - 46
[43, 45, 47, 55, 44, 54, 52, 42, 53, 56, 51, 49, 50, 46, 48] <-- Page - 48
[43, 45, 55, 44, 54, 52, 42, 53, 56, 51, 49, 50, 46, 48, 47] <-- Page - 47
[43, 45, 55, 44, 54, 52, 42, 53, 56, 51, 49, 46, 48, 47, 50] <-- Page - 50
[43, 45, 55, 44, 54, 52, 42, 53, 56, 51, 46, 48, 47, 50, 49] <-- Page - 49
[43, 45, 55, 44, 54, 52, 42, 53, 56, 46, 48, 47, 50, 49, 51] <-- Page - 51
[43, 45, 55, 44, 54, 52, 42, 53, 56, 46, 48, 47, 50, 51, 49] <-- Page - 49
[43, 45, 55, 44, 54, 42, 53, 56, 46, 48, 47, 50, 51, 49, 52] <-- Page - 52
[43, 45, 55, 44, 54, 42, 53, 56, 46, 48, 47, 51, 49, 52, 50] <-- Page - 50
[43, 45, 55, 44, 54, 42, 53, 46, 48, 47, 51, 49, 52, 50, 56] <-- Page - 56
[43, 45, 55, 54, 42, 53, 46, 48, 47, 51, 49, 52, 50, 56, 44] <-- Page - 44
[43, 45, 55, 54, 42, 53, 46, 47, 51, 49, 52, 50, 56, 44, 48] <-- Page - 48
[43, 45, 55, 54, 42, 53, 46, 47, 51, 49, 50, 56, 44, 48, 52] <-- Page - 52
[43, 45, 55, 54, 42, 53, 46, 47, 51, 49, 50, 56, 44, 48, 52, 57] <-- Page - 57 | Page Fault Here
[43, 45, 55, 54, 42, 53, 46, 47, 51, 50, 56, 44, 48, 52, 57, 49] <-- Page - 49
[43, 45, 55, 54, 42, 53, 46, 47, 51, 56, 44, 48, 52, 57, 49, 50] <-- Page - 50
[43, 45, 55, 54, 42, 53, 46, 47, 51, 56, 44, 48, 52, 57, 50, 49] <-- Page - 49
[43, 45, 55, 54, 42, 46, 47, 51, 56, 44, 48, 52, 57, 50, 49, 53] <-- Page - 53
[43, 45, 55, 54, 42, 46, 47, 51, 56, 44, 48, 52, 57, 50, 53, 49] <-- Page - 49
[43, 45, 55, 54, 42, 46, 47, 51, 56, 44, 48, 57, 50, 53, 49, 52] <-- Page - 52
[43, 45, 55, 54, 42, 46, 47, 51, 56, 44, 48, 57, 50, 53, 52, 49] <-- Page - 49
[43, 45, 55, 54, 42, 47, 51, 56, 44, 48, 57, 50, 53, 52, 49, 46] <-- Page - 46
[43, 45, 55, 54, 42, 47, 51, 56, 44, 48, 57, 53, 52, 49, 46, 50] <-- Page - 50
[43, 45, 55, 54, 42, 47, 56, 44, 48, 57, 53, 52, 49, 46, 50, 51] <-- Page - 51
[43, 45, 55, 54, 42, 47, 56, 44, 48, 57, 52, 49, 46, 50, 51, 53] <-- Page - 53
[43, 45, 55, 54, 42, 47, 56, 44, 48, 57, 52, 46, 50, 51, 53, 49] <-- Page - 49
[43, 45, 55, 54, 42, 47, 56, 44, 57, 52, 46, 50, 51, 53, 49, 48] <-- Page - 48
[43, 45, 55, 54, 42, 47, 56, 44, 57, 52, 46, 50, 53, 49, 48, 51] <-- Page - 51
[43, 45, 55, 54, 42, 47, 56, 44, 57, 52, 46, 53, 49, 48, 51, 50] <-- Page - 50
[43, 45, 55, 54, 42, 47, 56, 44, 57, 52, 46, 53, 49, 48, 51, 50] <-- Page - 50
[43, 45, 55, 54, 42, 47, 56, 44, 57, 52, 46, 53, 48, 51, 50, 49] <-- Page - 49
[43, 45, 55, 54, 42, 47, 56, 44, 57, 52, 46, 48, 51, 50, 49, 53] <-- Page - 53
[43, 45, 55, 54, 42, 47, 56, 44, 57, 52, 46, 48, 50, 49, 53, 51] <-- Page - 51
[43, 45, 54, 42, 47, 56, 44, 57, 52, 46, 48, 50, 49, 53, 51, 55] <-- Page - 55
[43, 45, 54, 42, 47, 56, 44, 57, 52, 46, 48, 50, 49, 51, 55, 53] <-- Page - 53
[43, 45, 54, 42, 47, 56, 44, 57, 52, 46, 48, 50, 49, 55, 53, 51] <-- Page - 51
[43, 54, 42, 47, 56, 44, 57, 52, 46, 48, 50, 49, 55, 53, 51, 45] <-- Page - 45
[43, 54, 42, 47, 56, 44, 57, 52, 46, 48, 50, 49, 55, 53, 45, 51] <-- Page - 51
[43, 54, 42, 47, 56, 44, 57, 52, 46, 48, 50, 49, 55, 53, 45, 51] <-- Page - 51
[43, 54, 42, 47, 56, 44, 57, 46, 48, 50, 49, 55, 53, 45, 51, 52] <-- Page - 52
[43, 54, 42, 47, 56, 44, 57, 46, 48, 50, 49, 55, 45, 51, 52, 53] <-- Page - 53
[43, 54, 42, 47, 56, 44, 57, 46, 50, 49, 55, 45, 51, 52, 53, 48] <-- Page - 48
[43, 54, 42, 47, 56, 44, 57, 46, 50, 49, 55, 45, 51, 53, 48, 52] <-- Page - 52
[43, 54, 42, 47, 56, 44, 57, 46, 50, 49, 55, 45, 51, 53, 52, 48] <-- Page - 48
[43, 54, 42, 47, 56, 44, 57, 46, 50, 49, 45, 51, 53, 52, 48, 55] <-- Page - 55
[43, 54, 42, 47, 56, 44, 57, 50, 49, 45, 51, 53, 52, 48, 55, 46] <-- Page - 46
[43, 54, 42, 47, 56, 57, 50, 49, 45, 51, 53, 52, 48, 55, 46, 44] <-- Page - 44
[43, 54, 42, 47, 56, 57, 50, 49, 51, 53, 52, 48, 55, 46, 44, 45] <-- Page - 45
[43, 54, 42, 56, 57, 50, 49, 51, 53, 52, 48, 55, 46, 44, 45, 47] <-- Page - 47
[43, 54, 42, 56, 57, 50, 49, 51, 53, 52, 48, 55, 44, 45, 47, 46] <-- Page - 46
[43, 54, 42, 56, 57, 50, 49, 51, 53, 52, 48, 44, 45, 47, 46, 55] <-- Page - 55
[43, 54, 42, 56, 57, 50, 51, 53, 52, 48, 44, 45, 47, 46, 55, 49] <-- Page - 49
[43, 54, 42, 56, 57, 50, 51, 53, 52, 48, 44, 47, 46, 55, 49, 45] <-- Page - 45
[43, 54, 42, 56, 57, 50, 51, 52, 48, 44, 47, 46, 55, 49, 45, 53] <-- Page - 53
[43, 54, 42, 56, 57, 50, 51, 52, 44, 47, 46, 55, 49, 45, 53, 48] <-- Page - 48
[43, 54, 42, 56, 57, 50, 51, 52, 44, 47, 55, 49, 45, 53, 48, 46] <-- Page - 46
[43, 54, 42, 56, 57, 50, 51, 44, 47, 55, 49, 45, 53, 48, 46, 52] <-- Page - 52
[43, 54, 42, 56, 57, 50, 44, 47, 55, 49, 45, 53, 48, 46, 52, 51] <-- Page - 51
[43, 54, 42, 56, 57, 50, 44, 47, 55, 49, 45, 53, 46, 52, 51, 48] <-- Page - 48
[43, 42, 56, 57, 50, 44, 47, 55, 49, 45, 53, 46, 52, 51, 48, 54] <-- Page - 54
[43, 42, 56, 57, 44, 47, 55, 49, 45, 53, 46, 52, 51, 48, 54, 50] <-- Page - 50
[43, 42, 56, 57, 44, 47, 55, 49, 45, 53, 46, 52, 51, 48, 50, 54] <-- Page - 54
[43, 42, 56, 57, 44, 47, 55, 49, 45, 53, 46, 52, 48, 50, 54, 51] <-- Page - 51
[43, 42, 56, 57, 44, 47, 55, 49, 45, 53, 46, 52, 48, 50, 51, 54] <-- Page - 54
[43, 42, 56, 57, 44, 47, 55, 49, 45, 53, 46, 52, 48, 51, 54, 50] <-- Page - 50
[43, 42, 56, 57, 44, 47, 55, 49, 45, 53, 52, 48, 51, 54, 50, 46] <-- Page - 46
[43, 42, 56, 44, 47, 55, 49, 45, 53, 52, 48, 51, 54, 50, 46, 57] <-- Page - 57
[43, 42, 56, 44, 47, 55, 49, 45, 53, 52, 51, 54, 50, 46, 57, 48] <-- Page - 48
[43, 42, 56, 44, 47, 55, 45, 53, 52, 51, 54, 50, 46, 57, 48, 49] <-- Page - 49
[43, 42, 56, 44, 55, 45, 53, 52, 51, 54, 50, 46, 57, 48, 49, 47] <-- Page - 47
[43, 42, 56, 44, 55, 45, 53, 52, 51, 54, 50, 46, 57, 48, 47, 49] <-- Page - 49
[43, 42, 56, 44, 55, 45, 53, 52, 51, 54, 46, 57, 48, 47, 49, 50] <-- Page - 50
[43, 42, 56, 44, 55, 45, 53, 52, 51, 54, 46, 57, 48, 47, 49, 50] <-- Page - 50
[43, 42, 56, 44, 55, 45, 53, 52, 54, 46, 57, 48, 47, 49, 50, 51] <-- Page - 51
[43, 42, 56, 44, 45, 53, 52, 54, 46, 57, 48, 47, 49, 50, 51, 55] <-- Page - 55
[43, 42, 56, 44, 45, 53, 52, 54, 46, 57, 48, 47, 50, 51, 55, 49] <-- Page - 49
[43, 42, 56, 44, 45, 53, 52, 54, 57, 48, 47, 50, 51, 55, 49, 46] <-- Page - 46
[43, 42, 56, 44, 45, 53, 52, 54, 57, 48, 47, 50, 51, 55, 49, 46] <-- Page - 46
[43, 42, 56, 44, 45, 53, 52, 54, 57, 47, 50, 51, 55, 49, 46, 48] <-- Page - 48
[43, 42, 56, 45, 53, 52, 54, 57, 47, 50, 51, 55, 49, 46, 48, 44] <-- Page - 44
[43, 42, 56, 45, 53, 54, 57, 47, 50, 51, 55, 49, 46, 48, 44, 52] <-- Page - 52
[43, 42, 56, 45, 53, 54, 57, 47, 50, 51, 55, 49, 46, 44, 52, 48] <-- Page - 48
[43, 42, 56, 45, 53, 54, 57, 47, 50, 51, 55, 46, 44, 52, 48, 49] <-- Page - 49
[43, 42, 56, 45, 53, 54, 57, 47, 50, 51, 55, 46, 44, 52, 48, 49] <-- Page - 49
[43, 42, 56, 53, 54, 57, 47, 50, 51, 55, 46, 44, 52, 48, 49, 45] <-- Page - 45
[43, 42, 56, 53, 54, 57, 50, 51, 55, 46, 44, 52, 48, 49, 45, 47] <-- Page - 47
[43, 42, 56, 53, 54, 57, 50, 51, 55, 46, 44, 48, 49, 45, 47, 52] <-- Page - 52
[43, 42, 56, 53, 54, 57, 50, 55, 46, 44, 48, 49, 45, 47, 52, 51] <-- Page - 51
[43, 42, 56, 53, 54, 57, 50, 55, 46, 44, 49, 45, 47, 52, 51, 48] <-- Page - 48
[43, 42, 56, 53, 54, 57, 50, 46, 44, 49, 45, 47, 52, 51, 48, 55] <-- Page - 55
[43, 42, 56, 53, 54, 57, 50, 44, 49, 45, 47, 52, 51, 48, 55, 46] <-- Page - 46
[43, 42, 56, 53, 54, 57, 50, 44, 49, 45, 47, 52, 51, 55, 46, 48] <-- Page - 48
[43, 42, 56, 53, 54, 57, 50, 44, 45, 47, 52, 51, 55, 46, 48, 49] <-- Page - 49
[43, 42, 56, 53, 54, 57, 50, 44, 45, 47, 52, 51, 55, 46, 48, 49, 41] <-- Page - 41 | Page Fault Here
[43, 42, 56, 53, 54, 57, 50, 44, 45, 47, 52, 51, 46, 48, 49, 41, 55] <-- Page - 55
[43, 42, 56, 53, 54, 57, 50, 44, 45, 47, 52, 46, 48, 49, 41, 55, 51] <-- Page - 51
[43, 42, 56, 53, 54, 57, 50, 44, 45, 47, 52, 48, 49, 41, 55, 51, 46] <-- Page - 46
[43, 42, 53, 54, 57, 50, 44, 45, 47, 52, 48, 49, 41, 55, 51, 46, 56] <-- Page - 56
[43, 42, 53, 54, 57, 50, 44, 45, 47, 52, 48, 49, 41, 55, 46, 56, 51] <-- Page - 51
[43, 42, 53, 54, 57, 50, 44, 45, 47, 52, 48, 49, 41, 55, 46, 56, 51] <-- Page - 51
[43, 42, 53, 54, 57, 50, 44, 45, 47, 52, 49, 41, 55, 46, 56, 51, 48] <-- Page - 48
[43, 42, 53, 54, 57, 44, 45, 47, 52, 49, 41, 55, 46, 56, 51, 48, 50] <-- Page - 50
[43, 42, 53, 54, 57, 44, 47, 52, 49, 41, 55, 46, 56, 51, 48, 50, 45] <-- Page - 45
[43, 42, 53, 54, 57, 44, 47, 49, 41, 55, 46, 56, 51, 48, 50, 45, 52] <-- Page - 52
[43, 42, 53, 54, 57, 44, 47, 49, 41, 55, 46, 56, 51, 50, 45, 52, 48] <-- Page - 48
[43, 42, 53, 54, 57, 44, 47, 49, 41, 55, 46, 56, 51, 45, 52, 48, 50] <-- Page - 50
[43, 42, 54, 57, 44, 47, 49, 41, 55, 46, 56, 51, 45, 52, 48, 50, 53] <-- Page - 53
[43, 42, 54, 57, 44, 47, 49, 41, 55, 46, 56, 51, 45, 52, 48, 53, 50] <-- Page - 50
[43, 42, 54, 57, 44, 47, 49, 41, 55, 46, 56, 51, 45, 52, 48, 53, 50] <-- Page - 50
[43, 42, 54, 57, 44, 47, 49, 41, 55, 46, 56, 51, 45, 52, 48, 53, 50] <-- Page - 50
[43, 42, 54, 57, 44, 49, 41, 55, 46, 56, 51, 45, 52, 48, 53, 50, 47] <-- Page - 47
[43, 42, 54, 57, 44, 49, 41, 55, 46, 56, 51, 45, 48, 53, 50, 47, 52] <-- Page - 52
[43, 42, 57, 44, 49, 41, 55, 46, 56, 51, 45, 48, 53, 50, 47, 52, 54] <-- Page - 54
[43, 42, 57, 44, 49, 41, 55, 46, 56, 51, 45, 48, 53, 50, 47, 54, 52] <-- Page - 52
[43, 42, 57, 44, 49, 41, 55, 46, 56, 51, 45, 48, 53, 50, 47, 54, 52] <-- Page - 52
[43, 42, 57, 44, 49, 41, 55, 46, 56, 51, 45, 48, 53, 50, 54, 52, 47] <-- Page - 47
[43, 42, 57, 44, 49, 41, 55, 46, 56, 51, 45, 48, 53, 50, 54, 52, 47] <-- Page - 47
[43, 42, 57, 44, 49, 41, 55, 46, 56, 51, 48, 53, 50, 54, 52, 47, 45] <-- Page - 45
[43, 42, 57, 44, 49, 41, 55, 46, 56, 51, 48, 50, 54, 52, 47, 45, 53] <-- Page - 53
[43, 42, 57, 44, 41, 55, 46, 56, 51, 48, 50, 54, 52, 47, 45, 53, 49] <-- Page - 49
[43, 42, 57, 44, 41, 55, 46, 56, 51, 48, 50, 52, 47, 45, 53, 49, 54] <-- Page - 54
[43, 42, 57, 44, 41, 55, 46, 56, 51, 48, 50, 52, 45, 53, 49, 54, 47] <-- Page - 47
[43, 42, 57, 44, 41, 55, 46, 56, 51, 50, 52, 45, 53, 49, 54, 47, 48] <-- Page - 48
[43, 42, 57, 44, 41, 55, 46, 56, 51, 52, 45, 53, 49, 54, 47, 48, 50] <-- Page - 50
[43, 42, 57, 44, 41, 55, 46, 56, 51, 45, 53, 49, 54, 47, 48, 50, 52] <-- Page - 52
[43, 42, 57, 44, 41, 55, 46, 56, 51, 45, 53, 49, 54, 47, 48, 52, 50] <-- Page - 50
[43, 42, 57, 44, 41, 55, 46, 56, 51, 45, 53, 49, 54, 47, 48, 52, 50] <-- Page - 50
[43, 42, 57, 44, 41, 55, 46, 56, 51, 45, 53, 49, 54, 47, 48, 52, 50] <-- Page - 50
[43, 42, 57, 44, 41, 55, 46, 56, 51, 45, 53, 49, 54, 47, 48, 52, 50] <-- Page - 50
[43, 42, 57, 44, 41, 55, 56, 51, 45, 53, 49, 54, 47, 48, 52, 50, 46] <-- Page - 46
[43, 42, 57, 44, 41, 55, 56, 51, 45, 53, 49, 54, 47, 48, 52, 46, 50] <-- Page - 50
[43, 42, 57, 44, 41, 55, 56, 51, 45, 53, 54, 47, 48, 52, 46, 50, 49] <-- Page - 49
[43, 42, 57, 44, 41, 55, 56, 51, 45, 53, 54, 47, 48, 52, 46, 50, 49] <-- Page - 49
[43, 42, 57, 44, 41, 55, 56, 45, 53, 54, 47, 48, 52, 46, 50, 49, 51] <-- Page - 51
[43, 42, 57, 44, 41, 55, 56, 45, 53, 54, 48, 52, 46, 50, 49, 51, 47] <-- Page - 47
[43, 42, 57, 44, 41, 55, 56, 45, 53, 54, 48, 52, 46, 50, 51, 47, 49] <-- Page - 49
[43, 42, 57, 44, 41, 55, 56, 45, 53, 54, 48, 52, 46, 50, 51, 47, 49] <-- Page - 49
[43, 42, 57, 44, 41, 55, 56, 45, 53, 54, 48, 52, 46, 50, 47, 49, 51] <-- Page - 51
[43, 42, 57, 44, 41, 55, 56, 45, 53, 54, 48, 46, 50, 47, 49, 51, 52] <-- Page - 52
[43, 42, 57, 44, 41, 55, 56, 45, 53, 54, 48, 46, 50, 49, 51, 52, 47] <-- Page - 47
[43, 42, 57, 44, 41, 55, 56, 45, 53, 54, 48, 46, 50, 49, 52, 47, 51] <-- Page - 51
------------------------------------------------------------
