# seed = 1 mean = 50 standard_deviation = 30 number_of_pages = 300
Capacity of LSU = 90
------------------------------------------------------------
Page Faults = 110
Page Hits = 190
------------------------------------------------------------
[98] <-- Page - 98 | Page Fault Here
[98, 31] <-- Page - 31 | Page Fault Here
[98, 31, 34] <-- Page - 34 | Page Fault Here
[98, 31, 34, 17] <-- Page - 17 | Page Fault Here
[98, 31, 34, 17, 75] <-- Page - 75 | Page Fault Here
[98, 31, 34, 17, 75, -19] <-- Page - -19 | Page Fault Here
[98, 31, 34, 17, 75, -19, 102] <-- Page - 102 | Page Fault Here
[98, 31, 34, 17, 75, -19, 102, 27] <-- Page - 27 | Page Fault Here
[98, 31, 34, 17, 75, -19, 102, 27, 59] <-- Page - 59 | Page Fault Here
[98, 31, 34, 17, 75, -19, 102, 27, 59, 42] <-- Page - 42 | Page Fault Here
[98, 31, 34, 17, 75, -19, 102, 27, 59, 42, 93] <-- Page - 93 | Page Fault Here
[98, 31, 34, 17, 75, -19, 102, 27, 59, 42, 93, -11] <-- Page - -11 | Page Fault Here
[98, 31, 34, 17, 75, -19, 102, 27, 59, 42, 93, -11, 40] <-- Page - 40 | Page Fault Here
[98, 31, 34, 17, 75, -19, 102, 27, 59, 42, 93, -11, 40, 38] <-- Page - 38 | Page Fault Here
[98, 31, 34, 17, 75, -19, 102, 27, 59, 42, 93, -11, 40, 38, 84] <-- Page - 84 | Page Fault Here
[98, 31, 34, 17, 75, -19, 102, 27, 59, 42, 93, -11, 40, 38, 84] <-- Page - 17
[98, 31, 34, 17, 75, -19, 102, 27, 59, 42, 93, -11, 40, 38, 84, 44] <-- Page - 44 | Page Fault Here
[98, 31, 34, 17, 75, -19, 102, 27, 59, 42, 93, -11, 40, 38, 84, 44, 23] <-- Page - 23 | Page Fault Here
[98, 31, 34, 17, 75, -19, 102, 27, 59, 42, 93, -11, 40, 38, 84, 44, 23, 51] <-- Page - 51 | Page Fault Here
[98, 31, 34, 17, 75, -19, 102, 27, 59, 42, 93, -11, 40, 38, 84, 44, 23, 51, 67] <-- Page - 67 | Page Fault Here
[98, 31, 34, 17, 75, -19, 102, 27, 59, 42, 93, -11, 40, 38, 84, 44, 23, 51, 67, 16] <-- Page - 16 | Page Fault Here
[98, 31, 34, 17, 75, -19, 102, 27, 59, 42, 93, -11, 40, 38, 84, 44, 23, 51, 67, 16] <-- Page - 84
[98, 31, 34, 17, 75, -19, 102, 27, 59, 42, 93, -11, 40, 38, 84, 44, 23, 51, 67, 16, 77] <-- Page - 77 | Page Fault Here
[98, 31, 34, 17, 75, -19, 102, 27, 59, 42, 93, -11, 40, 38, 84, 44, 23, 51, 67, 16, 77, 65] <-- Page - 65 | Page Fault Here
[98, 31, 34, 17, 75, -19, 102, 27, 59, 42, 93, -11, 40, 38, 84, 44, 23, 51, 67, 16, 77, 65] <-- Page - 77
[98, 31, 34, 17, 75, -19, 102, 27, 59, 42, 93, -11, 40, 38, 84, 44, 23, 51, 67, 16, 77, 65, 29] <-- Page - 29 | Page Fault Here
[98, 31, 34, 17, 75, -19, 102, 27, 59, 42, 93, -11, 40, 38, 84, 44, 23, 51, 67, 16, 77, 65, 29, 46] <-- Page - 46 | Page Fault Here
[98, 31, 34, 17, 75, -19, 102, 27, 59, 42, 93, -11, 40, 38, 84, 44, 23, 51, 67, 16, 77, 65, 29, 46, 21] <-- Page - 21 | Page Fault Here
[98, 31, 34, 17, 75, -19, 102, 27, 59, 42, 93, -11, 40, 38, 84, 44, 23, 51, 67, 16, 77, 65, 29, 46, 21, 41] <-- Page - 41 | Page Fault Here
[98, 31, 34, 17, 75, -19, 102, 27, 59, 42, 93, -11, 40, 38, 84, 44, 23, 51, 67, 16, 77, 65, 29, 46, 21, 41] <-- Page - 65
[98, 31, 34, 17, 75, -19, 102, 27, 59, 42, 93, -11, 40, 38, 84, 44, 23, 51, 67, 16, 77, 65, 29, 46, 21, 41] <-- Page - 29
[98, 31, 34, 17, 75, -19, 102, 27, 59, 42, 93, -11, 40, 38, 84, 44, 23, 51, 67, 16, 77, 65, 29, 46, 21, 41] <-- Page - 38
[98, 31, 34, 17, 75, -19, 102, 27, 59, 42, 93, -11, 40, 38, 84, 44, 23, 51, 67, 16, 77, 65, 29, 46, 21, 41] <-- Page - 29
[98, 31, 34, 17, 75, -19, 102, 27, 59, 42, 93, -11, 40, 38, 84, 44, 23, 51, 67, 16, 77, 65, 29, 46, 21, 41, 24] <-- Page - 24 | Page Fault Here
[98, 31, 34, 17, 75, -19, 102, 27, 59, 42, 93, -11, 40, 38, 84, 44, 23, 51, 67, 16, 77, 65, 29, 46, 21, 41, 24] <-- Page - 29
[98, 31, 34, 17, 75, -19, 102, 27, 59, 42, 93, -11, 40, 38, 84, 44, 23, 51, 67, 16, 77, 65, 29, 46, 21, 41, 24, 49] <-- Page - 49 | Page Fault Here
[98, 31, 34, 17, 75, -19, 102, 27, 59, 42, 93, -11, 40, 38, 84, 44, 23, 51, 67, 16, 77, 65, 29, 46, 21, 41, 24, 49] <-- Page - 16
[98, 31, 34, 17, 75, -19, 102, 27, 59, 42, 93, -11, 40, 38, 84, 44, 23, 51, 67, 16, 77, 65, 29, 46, 21, 41, 24, 49, 57] <-- Page - 57 | Page Fault Here
[98, 31, 34, 17, 75, -19, 102, 27, 59, 42, 93, -11, 40, 38, 84, 44, 23, 51, 67, 16, 77, 65, 29, 46, 21, 41, 24, 49, 57, 99] <-- Page - 99 | Page Fault Here
[98, 31, 34, 17, 75, -19, 102, 27, 59, 42, 93, -11, 40, 38, 84, 44, 23, 51, 67, 16, 77, 65, 29, 46, 21, 41, 24, 49, 57, 99, 72] <-- Page - 72 | Page Fault Here
[98, 31, 34, 17, 75, -19, 102, 27, 59, 42, 93, -11, 40, 38, 84, 44, 23, 51, 67, 16, 77, 65, 29, 46, 21, 41, 24, 49, 57, 99, 72] <-- Page - 44
[98, 31, 34, 17, 75, -19, 102, 27, 59, 42, 93, -11, 40, 38, 84, 44, 23, 51, 67, 16, 77, 65, 29, 46, 21, 41, 24, 49, 57, 99, 72] <-- Page - 23
[98, 31, 34, 17, 75, -19, 102, 27, 59, 42, 93, -11, 40, 38, 84, 44, 23, 51, 67, 16, 77, 65, 29, 46, 21, 41, 24, 49, 57, 99, 72] <-- Page - 27
[98, 31, 34, 17, 75, -19, 102, 27, 59, 42, 93, -11, 40, 38, 84, 44, 23, 51, 67, 16, 77, 65, 29, 46, 21, 41, 24, 49, 57, 99, 72, 100] <-- Page - 100 | Page Fault Here
[98, 31, 34, 17, 75, -19, 102, 27, 59, 42, 93, -11, 40, 38, 84, 44, 23, 51, 67, 16, 77, 65, 29, 46, 21, 41, 24, 49, 57, 99, 72, 100] <-- Page - 51
[98, 31, 34, 17, 75, -19, 102, 27, 59, 42, 93, -11, 40, 38, 84, 44, 23, 51, 67, 16, 77, 65, 29, 46, 21, 41, 24, 49, 57, 99, 72, 100, 30] <-- Page - 30 | Page Fault Here
[98, 31, 34, 17, 75, -19, 102, 27, 59, 42, 93, -11, 40, 38, 84, 44, 23, 51, 67, 16, 77, 65, 29, 46, 21, 41, 24, 49, 57, 99, 72, 100, 30, 55] <-- Page - 55 | Page Fault Here
[98, 31, 34, 17, 75, -19, 102, 27, 59, 42, 93, -11, 40, 38, 84, 44, 23, 51, 67, 16, 77, 65, 29, 46, 21, 41, 24, 49, 57, 99, 72, 100, 30, 55, 113] <-- Page - 113 | Page Fault Here
[98, 31, 34, 17, 75, -19, 102, 27, 59, 42, 93, -11, 40, 38, 84, 44, 23, 51, 67, 16, 77, 65, 29, 46, 21, 41, 24, 49, 57, 99, 72, 100, 30, 55, 113, 53] <-- Page - 53 | Page Fault Here
[98, 31, 34, 17, 75, -19, 102, 27, 59, 42, 93, -11, 40, 38, 84, 44, 23, 51, 67, 16, 77, 65, 29, 46, 21, 41, 24, 49, 57, 99, 72, 100, 30, 55, 113, 53, 68] <-- Page - 68 | Page Fault Here
[98, 31, 34, 17, 75, -19, 102, 27, 59, 42, 93, -11, 40, 38, 84, 44, 23, 51, 67, 16, 77, 65, 29, 46, 21, 41, 24, 49, 57, 99, 72, 100, 30, 55, 113, 53, 68] <-- Page - 59
[98, 31, 34, 17, 75, -19, 102, 27, 59, 42, 93, -11, 40, 38, 84, 44, 23, 51, 67, 16, 77, 65, 29, 46, 21, 41, 24, 49, 57, 99, 72, 100, 30, 55, 113, 53, 68, 39] <-- Page - 39 | Page Fault Here
[98, 31, 34, 17, 75, -19, 102, 27, 59, 42, 93, -11, 40, 38, 84, 44, 23, 51, 67, 16, 77, 65, 29, 46, 21, 41, 24, 49, 57, 99, 72, 100, 30, 55, 113, 53, 68, 39, 15] <-- Page - 15 | Page Fault Here
[98, 31, 34, 17, 75, -19, 102, 27, 59, 42, 93, -11, 40, 38, 84, 44, 23, 51, 67, 16, 77, 65, 29, 46, 21, 41, 24, 49, 57, 99, 72, 100, 30, 55, 113, 53, 68, 39, 15] <-- Page - 39
[98, 31, 34, 17, 75, -19, 102, 27, 59, 42, 93, -11, 40, 38, 84, 44, 23, 51, 67, 16, 77, 65, 29, 46, 21, 41, 24, 49, 57, 99, 72, 100, 30, 55, 113, 53, 68, 39, 15, 43] <-- Page - 43 | Page Fault Here
[98, 31, 34, 17, 75, -19, 102, 27, 59, 42, 93, -11, 40, 38, 84, 44, 23, 51, 67, 16, 77, 65, 29, 46, 21, 41, 24, 49, 57, 99, 72, 100, 30, 55, 113, 53, 68, 39, 15, 43] <-- Page - 67
[98, 31, 34, 17, 75, -19, 102, 27, 59, 42, 93, -11, 40, 38, 84, 44, 23, 51, 67, 16, 77, 65, 29, 46, 21, 41, 24, 49, 57, 99, 72, 100, 30, 55, 113, 53, 68, 39, 15, 43] <-- Page - 75
[98, 31, 34, 17, 75, -19, 102, 27, 59, 42, 93, -11, 40, 38, 84, 44, 23, 51, 67, 16, 77, 65, 29, 46, 21, 41, 24, 49, 57, 99, 72, 100, 30, 55, 113, 53, 68, 39, 15, 43] <-- Page - 77
[98, 31, 34, 17, 75, -19, 102, 27, 59, 42, 93, -11, 40, 38, 84, 44, 23, 51, 67, 16, 77, 65, 29, 46, 21, 41, 24, 49, 57, 99, 72, 100, 30, 55, 113, 53, 68, 39, 15, 43, 58] <-- Page - 58 | Page Fault Here
[98, 31, 34, 17, 75, -19, 102, 27, 59, 42, 93, -11, 40, 38, 84, 44, 23, 51, 67, 16, 77, 65, 29, 46, 21, 41, 24, 49, 57, 99, 72, 100, 30, 55, 113, 53, 68, 39, 15, 43, 58, 76] <-- Page - 76 | Page Fault Here
[98, 31, 34, 17, 75, -19, 102, 27, 59, 42, 93, -11, 40, 38, 84, 44, 23, 51, 67, 16, 77, 65, 29, 46, 21, 41, 24, 49, 57, 99, 72, 100, 30, 55, 113, 53, 68, 39, 15, 43, 58, 76] <-- Page - 27
[98, 31, 34, 17, 75, -19, 102, 27, 59, 42, 93, -11, 40, 38, 84, 44, 23, 51, 67, 16, 77, 65, 29, 46, 21, 41, 24, 49, 57, 99, 72, 100, 30, 55, 113, 53, 68, 39, 15, 43, 58, 76, 87] <-- Page - 87 | Page Fault Here
[98, 31, 34, 17, 75, -19, 102, 27, 59, 42, 93, -11, 40, 38, 84, 44, 23, 51, 67, 16, 77, 65, 29, 46, 21, 41, 24, 49, 57, 99, 72, 100, 30, 55, 113, 53, 68, 39, 15, 43, 58, 76, 87] <-- Page - 65
[98, 31, 34, 17, 75, -19, 102, 27, 59, 42, 93, -11, 40, 38, 84, 44, 23, 51, 67, 16, 77, 65, 29, 46, 21, 41, 24, 49, 57, 99, 72, 100, 30, 55, 113, 53, 68, 39, 15, 43, 58, 76, 87] <-- Page - 41
[98, 31, 34, 17, 75, -19, 102, 27, 59, 42, 93, -11, 40, 38, 84, 44, 23, 51, 67, 16, 77, 65, 29, 46, 21, 41, 24, 49, 57, 99, 72, 100, 30, 55, 113, 53, 68, 39, 15, 43, 58, 76, 87, 64] <-- Page - 64 | Page Fault Here
[98, 31, 34, 17, 75, -19, 102, 27, 59, 42, 93, -11, 40, 38, 84, 44, 23, 51, 67, 16, 77, 65, 29, 46, 21, 41, 24, 49, 57, 99, 72, 100, 30, 55, 113, 53, 68, 39, 15, 43, 58, 76, 87, 64, 47] <-- Page - 47 | Page Fault Here
[98, 31, 34, 17, 75, -19, 102, 27, 59, 42, 93, -11, 40, 38, 84, 44, 23, 51, 67, 16, 77, 65, 29, 46, 21, 41, 24, 49, 57, 99, 72, 100, 30, 55, 113, 53, 68, 39, 15, 43, 58, 76, 87, 64, 47, 83] <-- Page - 83 | Page Fault Here
[98, 31, 34, 17, 75, -19, 102, 27, 59, 42, 93, -11, 40, 38, 84, 44, 23, 51, 67, 16, 77, 65, 29, 46, 21, 41, 24, 49, 57, 99, 72, 100, 30, 55, 113, 53, 68, 39, 15, 43, 58, 76, 87, 64, 47, 83, 95] <-- Page - 95 | Page Fault Here
[98, 31, 34, 17, 75, -19, 102, 27, 59, 42, 93, -11, 40, 38, 84, 44, 23, 51, 67, 16, 77, 65, 29, 46, 21, 41, 24, 49, 57, 99, 72, 100, 30, 55, 113, 53, 68, 39, 15, 43, 58, 76, 87, 64, 47, 83, 95, 115] <-- Page - 115 | Page Fault Here
[98, 31, 34, 17, 75, -19, 102, 27, 59, 42, 93, -11, 40, 38, 84, 44, 23, 51, 67, 16, 77, 65, 29, 46, 21, 41, 24, 49, 57, 99, 72, 100, 30, 55, 113, 53, 68, 39, 15, 43, 58, 76, 87, 64, 47, 83, 95, 115, 8] <-- Page - 8 | Page Fault Here
[98, 31, 34, 17, 75, -19, 102, 27, 59, 42, 93, -11, 40, 38, 84, 44, 23, 51, 67, 16, 77, 65, 29, 46, 21, 41, 24, 49, 57, 99, 72, 100, 30, 55, 113, 53, 68, 39, 15, 43, 58, 76, 87, 64, 47, 83, 95, 115, 8, 6] <-- Page - 6 | Page Fault Here
[98, 31, 34, 17, 75, -19, 102, 27, 59, 42, 93, -11, 40, 38, 84, 44, 23, 51, 67, 16, 77, 65, 29, 46, 21, 41, 24, 49, 57, 99, 72, 100, 30, 55, 113, 53, 68, 39, 15, 43, 58, 76, 87, 64, 47, 83, 95, 115, 8, 6] <-- Page - 34
[98, 31, 34, 17, 75, -19, 102, 27, 59, 42, 93, -11, 40, 38, 84, 44, 23, 51, 67, 16, 77, 65, 29, 46, 21, 41, 24, 49, 57, 99, 72, 100, 30, 55, 113, 53, 68, 39, 15, 43, 58, 76, 87, 64, 47, 83, 95, 115, 8, 6, 54] <-- Page - 54 | Page Fault Here
[98, 31, 34, 17, 75, -19, 102, 27, 59, 42, 93, -11, 40, 38, 84, 44, 23, 51, 67, 16, 77, 65, 29, 46, 21, 41, 24, 49, 57, 99, 72, 100, 30, 55, 113, 53, 68, 39, 15, 43, 58, 76, 87, 64, 47, 83, 95, 115, 8, 6, 54] <-- Page - 76
[98, 31, 34, 17, 75, -19, 102, 27, 59, 42, 93, -11, 40, 38, 84, 44, 23, 51, 67, 16, 77, 65, 29, 46, 21, 41, 24, 49, 57, 99, 72, 100, 30, 55, 113, 53, 68, 39, 15, 43, 58, 76, 87, 64, 47, 83, 95, 115, 8, 6, 54] <-- Page - 59
[98, 31, 34, 17, 75, -19, 102, 27, 59, 42, 93, -11, 40, 38, 84, 44, 23, 51, 67, 16, 77, 65, 29, 46, 21, 41, 24, 49, 57, 99, 72, 100, 30, 55, 113, 53, 68, 39, 15, 43, 58, 76, 87, 64, 47, 83, 95, 115, 8, 6, 54, -10] <-- Page - -10 | Page Fault Here
[98, 31, 34, 17, 75, -19, 102, 27, 59, 42, 93, -11, 40, 38, 84, 44, 23, 51, 67, 16, 77, 65, 29, 46, 21, 41, 24, 49, 57, 99, 72, 100, 30, 55, 113, 53, 68, 39, 15, 43, 58, 76, 87, 64, 47, 83, 95, 115, 8, 6, 54, -10] <-- Page - 40
[98, 31, 34, 17, 75, -19, 102, 27, 59, 42, 93, -11, 40, 38, 84, 44, 23, 51, 67, 16, 77, 65, 29, 46, 21, 41, 24, 49, 57, 99, 72, 100, 30, 55, 113, 53, 68, 39, 15, 43, 58, 76, 87, 64, 47, 83, 95, 115, 8, 6, 54, -10, 74] <-- Page - 74 | Page Fault Here
[98, 31, 34, 17, 75, -19, 102, 27, 59, 42, 93, -11, 40, 38, 84, 44, 23, 51, 67, 16, 77, 65, 29, 46, 21, 41, 24, 49, 57, 99, 72, 100, 30, 55, 113, 53, 68, 39, 15, 43, 58, 76, 87, 64, 47, 83, 95, 115, 8, 6, 54, -10, 74, 56] <-- Page - 56 | Page Fault Here
[98, 31, 34, 17, 75, -19, 102, 27, 59, 42, 93, -11, 40, 38, 84, 44, 23, 51, 67, 16, 77, 65, 29, 46, 21, 41, 24, 49, 57, 99, 72, 100, 30, 55, 113, 53, 68, 39, 15, 43, 58, 76, 87, 64, 47, 83, 95, 115, 8, 6, 54, -10, 74, 56] <-- Page - 72
[98, 31, 34, 17, 75, -19, 102, 27, 59, 42, 93, -11, 40, 38, 84, 44, 23, 51, 67, 16, 77, 65, 29, 46, 21, 41, 24, 49, 57, 99, 72, 100, 30, 55, 113, 53, 68, 39, 15, 43, 58, 76, 87, 64, 47, 83, 95, 115, 8, 6, 54, -10, 74, 56] <-- Page - 43
[98, 31, 34, 17, 75, -19, 102, 27, 59, 42, 93, -11, 40, 38, 84, 44, 23, 51, 67, 16, 77, 65, 29, 46, 21, 41, 24, 49, 57, 99, 72, 100, 30, 55, 113, 53, 68, 39, 15, 43, 58, 76, 87, 64, 47, 83, 95, 115, 8, 6, 54, -10, 74, 56] <-- Page - 43
[98, 31, 34, 17, 75, -19, 102, 27, 59, 42, 93, -11, 40, 38, 84, 44, 23, 51, 67, 16, 77, 65, 29, 46, 21, 41, 24, 49, 57, 99, 72, 100, 30, 55, 113, 53, 68, 39, 15, 43, 58, 76, 87, 64, 47, 83, 95, 115, 8, 6, 54, -10, 74, 56] <-- Page - 55
[98, 31, 34, 17, 75, -19, 102, 27, 59, 42, 93, -11, 40, 38, 84, 44, 23, 51, 67, 16, 77, 65, 29, 46, 21, 41, 24, 49, 57, 99, 72, 100, 30, 55, 113, 53, 68, 39, 15, 43, 58, 76, 87, 64, 47, 83, 95, 115, 8, 6, 54, -10, 74, 56, 62] <-- Page - 62 | Page Fault Here
[98, 31, 34, 17, 75, -19, 102, 27, 59, 42, 93, -11, 40, 38, 84, 44, 23, 51, 67, 16, 77, 65, 29, 46, 21, 41, 24, 49, 57, 99, 72, 100, 30, 55, 113, 53, 68, 39, 15, 43, 58, 76, 87, 64, 47, 83, 95, 115, 8, 6, 54, -10, 74, 56, 62] <-- Page - 55
[98, 31, 34, 17, 75, -19, 102, 27, 59, 42, 93, -11, 40, 38, 84, 44, 23, 51, 67, 16, 77, 65, 29, 46, 21, 41, 24, 49, 57, 99, 72, 100, 30, 55, 113, 53, 68, 39, 15, 43, 58, 76, 87, 64, 47, 83, 95, 115, 8, 6, 54, -10, 74, 56, 62] <-- Page - 53
[98, 31, 34, 17, 75, -19, 102, 27, 59, 42, 93, -11, 40, 38, 84, 44, 23, 51, 67, 16, 77, 65, 29, 46, 21, 41, 24, 49, 57, 99, 72, 100, 30, 55, 113, 53, 68, 39, 15, 43, 58, 76, 87, 64, 47, 83, 95, 115, 8, 6, 54, -10, 74, 56, 62] <-- Page - 29
[98, 31, 34, 17, 75, -19, 102, 27, 59, 42, 93, -11, 40, 38, 84, 44, 23, 51, 67, 16, 77, 65, 29, 46, 21, 41, 24, 49, 57, 99, 72, 100, 30, 55, 113, 53, 68, 39, 15, 43, 58, 76, 87, 64, 47, 83, 95, 115, 8, 6, 54, -10, 74, 56, 62, 61] <-- Page - 61 | Page Fault Here
[98, 31, 34, 17, 75, -19, 102, 27, 59, 42, 93, -11, 40, 38, 84, 44, 23, 51, 67, 16, 77, 65, 29, 46, 21, 41, 24, 49, 57, 99, 72, 100, 30, 55, 113, 53, 68, 39, 15, 43, 58, 76, 87, 64, 47, 83, 95, 115, 8, 6, 54, -10, 74, 56, 62, 61] <-- Page - 53
[98, 31, 34, 17, 75, -19, 102, 27, 59, 42, 93, -11, 40, 38, 84, 44, 23, 51, 67, 16, 77, 65, 29, 46, 21, 41, 24, 49, 57, 99, 72, 100, 30, 55, 113, 53, 68, 39, 15, 43, 58, 76, 87, 64, 47, 83, 95, 115, 8, 6, 54, -10, 74, 56, 62, 61] <-- Page - 83
[98, 31, 34, 17, 75, -19, 102, 27, 59, 42, 93, -11, 40, 38, 84, 44, 23, 51, 67, 16, 77, 65, 29, 46, 21, 41, 24, 49, 57, 99, 72, 100, 30, 55, 113, 53, 68, 39, 15, 43, 58, 76, 87, 64, 47, 83, 95, 115, 8, 6, 54, -10, 74, 56, 62, 61, 85] <-- Page - 85 | Page Fault Here
[98, 31, 34, 17, 75, -19, 102, 27, 59, 42, 93, -11, 40, 38, 84, 44, 23, 51, 67, 16, 77, 65, 29, 46, 21, 41, 24, 49, 57, 99, 72, 100, 30, 55, 113, 53, 68, 39, 15, 43, 58, 76, 87, 64, 47, 83, 95, 115, 8, 6, 54, -10, 74, 56, 62, 61, 85] <-- Page - 55
[98, 31, 34, 17, 75, -19, 102, 27, 59, 42, 93, -11, 40, 38, 84, 44, 23, 51, 67, 16, 77, 65, 29, 46, 21, 41, 24, 49, 57, 99, 72, 100, 30, 55, 113, 53, 68, 39, 15, 43, 58, 76, 87, 64, 47, 83, 95, 115, 8, 6, 54, -10, 74, 56, 62, 61, 85] <-- Page - 38
[98, 31, 34, 17, 75, -19, 102, 27, 59, 42, 93, -11, 40, 38, 84, 44, 23, 51, 67, 16, 77, 65, 29, 46, 21, 41, 24, 49, 57, 99, 72, 100, 30, 55, 113, 53, 68, 39, 15, 43, 58, 76, 87, 64, 47, 83, 95, 115, 8, 6, 54, -10, 74, 56, 62, 61, 85] <-- Page - 30
[98, 31, 34, 17, 75, -19, 102, 27, 59, 42, 93, -11, 40, 38, 84, 44, 23, 51, 67, 16, 77, 65, 29, 46, 21, 41, 24, 49, 57, 99, 72, 100, 30, 55, 113, 53, 68, 39, 15, 43, 58, 76, 87, 64, 47, 83, 95, 115, 8, 6, 54, -10, 74, 56, 62, 61, 85] <-- Page - 62
[98, 31, 34, 17, 75, -19, 102, 27, 59, 42, 93, -11, 40, 38, 84, 44, 23, 51, 67, 16, 77, 65, 29, 46, 21, 41, 24, 49, 57, 99, 72, 100, 30, 55, 113, 53, 68, 39, 15, 43, 58, 76, 87, 64, 47, 83, 95, 115, 8, 6, 54, -10, 74, 56, 62, 61, 85, 52] <-- Page - 52 | Page Fault Here
[98, 31, 34, 17, 75, -19, 102, 27, 59, 42, 93, -11, 40, 38, 84, 44, 23, 51, 67, 16, 77, 65, 29, 46, 21, 41, 24, 49, 57, 99, 72, 100, 30, 55, 113, 53, 68, 39, 15, 43, 58, 76, 87, 64, 47, 83, 95, 115, 8, 6, 54, -10, 74, 56, 62, 61, 85, 52] <-- Page - 39
[98, 31, 34, 17, 75, -19, 102, 27, 59, 42, 93, -11, 40, 38, 84, 44, 23, 51, 67, 16, 77, 65, 29, 46, 21, 41, 24, 49, 57, 99, 72, 100, 30, 55, 113, 53, 68, 39, 15, 43, 58, 76, 87, 64, 47, 83, 95, 115, 8, 6, 54, -10, 74, 56, 62, 61, 85, 52] <-- Page - 51
[98, 31, 34, 17, 75, -19, 102, 27, 59, 42, 93, -11, 40, 38, 84, 44, 23, 51, 67, 16, 77, 65, 29, 46, 21, 41, 24, 49, 57, 99, 72, 100, 30, 55, 113, 53, 68, 39, 15, 43, 58, 76, 87, 64, 47, 83, 95, 115, 8, 6, 54, -10, 74, 56, 62, 61, 85, 52] <-- Page - 31
[98, 31, 34, 17, 75, -19, 102, 27, 59, 42, 93, -11, 40, 38, 84, 44, 23, 51, 67, 16, 77, 65, 29, 46, 21, 41, 24, 49, 57, 99, 72, 100, 30, 55, 113, 53, 68, 39, 15, 43, 58, 76, 87, 64, 47, 83, 95, 115, 8, 6, 54, -10, 74, 56, 62, 61, 85, 52, 70] <-- Page - 70 | Page Fault Here
[98, 31, 34, 17, 75, -19, 102, 27, 59, 42, 93, -11, 40, 38, 84, 44, 23, 51, 67, 16, 77, 65, 29, 46, 21, 41, 24, 49, 57, 99, 72, 100, 30, 55, 113, 53, 68, 39, 15, 43, 58, 76, 87, 64, 47, 83, 95, 115, 8, 6, 54, -10, 74, 56, 62, 61, 85, 52, 70, 36] <-- Page - 36 | Page Fault Here
[98, 31, 34, 17, 75, -19, 102, 27, 59, 42, 93, -11, 40, 38, 84, 44, 23, 51, 67, 16, 77, 65, 29, 46, 21, 41, 24, 49, 57, 99, 72, 100, 30, 55, 113, 53, 68, 39, 15, 43, 58, 76, 87, 64, 47, 83, 95, 115, 8, 6, 54, -10, 74, 56, 62, 61, 85, 52, 70, 36, 86] <-- Page - 86 | Page Fault Here
[98, 31, 34, 17, 75, -19, 102, 27, 59, 42, 93, -11, 40, 38, 84, 44, 23, 51, 67, 16, 77, 65, 29, 46, 21, 41, 24, 49, 57, 99, 72, 100, 30, 55, 113, 53, 68, 39, 15, 43, 58, 76, 87, 64, 47, 83, 95, 115, 8, 6, 54, -10, 74, 56, 62, 61, 85, 52, 70, 36, 86] <-- Page - 62
[98, 31, 34, 17, 75, -19, 102, 27, 59, 42, 93, -11, 40, 38, 84, 44, 23, 51, 67, 16, 77, 65, 29, 46, 21, 41, 24, 49, 57, 99, 72, 100, 30, 55, 113, 53, 68, 39, 15, 43, 58, 76, 87, 64, 47, 83, 95, 115, 8, 6, 54, -10, 74, 56, 62, 61, 85, 52, 70, 36, 86] <-- Page - 67
[98, 31, 34, 17, 75, -19, 102, 27, 59, 42, 93, -11, 40, 38, 84, 44, 23, 51, 67, 16, 77, 65, 29, 46, 21, 41, 24, 49, 57, 99, 72, 100, 30, 55, 113, 53, 68, 39, 15, 43, 58, 76, 87, 64, 47, 83, 95, 115, 8, 6, 54, -10, 74, 56, 62, 61, 85, 52, 70, 36, 86] <-- Page - 17
[98, 31, 34, 17, 75, -19, 102, 27, 59, 42, 93, -11, 40, 38, 84, 44, 23, 51, 67, 16, 77, 65, 29, 46, 21, 41, 24, 49, 57, 99, 72, 100, 30, 55, 113, 53, 68, 39, 15, 43, 58, 76, 87, 64, 47, 83, 95, 115, 8, 6, 54, -10, 74, 56, 62, 61, 85, 52, 70, 36, 86] <-- Page - 55
[98, 31, 34, 17, 75, -19, 102, 27, 59, 42, 93, -11, 40, 38, 84, 44, 23, 51, 67, 16, 77, 65, 29, 46, 21, 41, 24, 49, 57, 99, 72, 100, 30, 55, 113, 53, 68, 39, 15, 43, 58, 76, 87, 64, 47, 83, 95, 115, 8, 6, 54, -10, 74, 56, 62, 61, 85, 52, 70, 36, 86] <-- Page - 72
[98, 31, 34, 17, 75, -19, 102, 27, 59, 42, 93, -11, 40, 38, 84, 44, 23, 51, 67, 16, 77, 65, 29, 46, 21, 41, 24, 49, 57, 99, 72, 100, 30, 55, 113, 53, 68, 39, 15, 43, 58, 76, 87, 64, 47, 83, 95, 115, 8, 6, 54, -10, 74, 56, 62, 61, 85, 52, 70, 36, 86] <-- Page - 21
[98, 31, 34, 17, 75, -19, 102, 27, 59, 42, 93, -11, 40, 38, 84, 44, 23, 51, 67, 16, 77, 65, 29, 46, 21, 41, 24, 49, 57, 99, 72, 100, 30, 55, 113, 53, 68, 39, 15, 43, 58, 76, 87, 64, 47, 83, 95, 115, 8, 6, 54, -10, 74, 56, 62, 61, 85, 52, 70, 36, 86] <-- Page - 42
[98, 31, 34, 17, 75, -19, 102, 27, 59, 42, 93, -11, 40, 38, 84, 44, 23, 51, 67, 16, 77, 65, 29, 46, 21, 41, 24, 49, 57, 99, 72, 100, 30, 55, 113, 53, 68, 39, 15, 43, 58, 76, 87, 64, 47, 83, 95, 115, 8, 6, 54, -10, 74, 56, 62, 61, 85, 52, 70, 36, 86, 50] <-- Page - 50 | Page Fault Here
[98, 31, 34, 17, 75, -19, 102, 27, 59, 42, 93, -11, 40, 38, 84, 44, 23, 51, 67, 16, 77, 65, 29, 46, 21, 41, 24, 49, 57, 99, 72, 100, 30, 55, 113, 53, 68, 39, 15, 43, 58, 76, 87, 64, 47, 83, 95, 115, 8, 6, 54, -10, 74, 56, 62, 61, 85, 52, 70, 36, 86, 50] <-- Page - 8
[98, 31, 34, 17, 75, -19, 102, 27, 59, 42, 93, -11, 40, 38, 84, 44, 23, 51, 67, 16, 77, 65, 29, 46, 21, 41, 24, 49, 57, 99, 72, 100, 30, 55, 113, 53, 68, 39, 15, 43, 58, 76, 87, 64, 47, 83, 95, 115, 8, 6, 54, -10, 74, 56, 62, 61, 85, 52, 70, 36, 86, 50] <-- Page - 59
[98, 31, 34, 17, 75, -19, 102, 27, 59, 42, 93, -11, 40, 38, 84, 44, 23, 51, 67, 16, 77, 65, 29, 46, 21, 41, 24, 49, 57, 99, 72, 100, 30, 55, 113, 53, 68, 39, 15, 43, 58, 76, 87, 64, 47, 83, 95, 115, 8, 6, 54, -10, 74, 56, 62, 61, 85, 52, 70, 36, 86, 50] <-- Page - 75
[98, 31, 34, 17, 75, -19, 102, 27, 59, 42, 93, -11, 40, 38, 84, 44, 23, 51, 67, 16, 77, 65, 29, 46, 21, 41, 24, 49, 57, 99, 72, 100, 30, 55, 113, 53, 68, 39, 15, 43, 58, 76, 87, 64, 47, 83, 95, 115, 8, 6, 54, -10, 74, 56, 62, 61, 85, 52, 70, 36, 86, 50] <-- Page - 24
[98, 31, 34, 17, 75, -19, 102, 27, 59, 42, 93, -11, 40, 38, 84, 44, 23, 51, 67, 16, 77, 65, 29, 46, 21, 41, 24, 49, 57, 99, 72, 100, 30, 55, 113, 53, 68, 39, 15, 43, 58, 76, 87, 64, 47, 83, 95, 115, 8, 6, 54, -10, 74, 56, 62, 61, 85, 52, 70, 36, 86, 50, 60] <-- Page - 60 | Page Fault Here
[98, 31, 34, 17, 75, -19, 102, 27, 59, 42, 93, -11, 40, 38, 84, 44, 23, 51, 67, 16, 77, 65, 29, 46, 21, 41, 24, 49, 57, 99, 72, 100, 30, 55, 113, 53, 68, 39, 15, 43, 58, 76, 87, 64, 47, 83, 95, 115, 8, 6, 54, -10, 74, 56, 62, 61, 85, 52, 70, 36, 86, 50, 60, 10] <-- Page - 10 | Page Fault Here
[98, 31, 34, 17, 75, -19, 102, 27, 59, 42, 93, -11, 40, 38, 84, 44, 23, 51, 67, 16, 77, 65, 29, 46, 21, 41, 24, 49, 57, 99, 72, 100, 30, 55, 113, 53, 68, 39, 15, 43, 58, 76, 87, 64, 47, 83, 95, 115, 8, 6, 54, -10, 74, 56, 62, 61, 85, 52, 70, 36, 86, 50, 60, 10, 48] <-- Page - 48 | Page Fault Here
[98, 31, 34, 17, 75, -19, 102, 27, 59, 42, 93, -11, 40, 38, 84, 44, 23, 51, 67, 16, 77, 65, 29, 46, 21, 41, 24, 49, 57, 99, 72, 100, 30, 55, 113, 53, 68, 39, 15, 43, 58, 76, 87, 64, 47, 83, 95, 115, 8, 6, 54, -10, 74, 56, 62, 61, 85, 52, 70, 36, 86, 50, 60, 10, 48, 1] <-- Page - 1 | Page Fault Here
[98, 31, 34, 17, 75, -19, 102, 27, 59, 42, 93, -11, 40, 38, 84, 44, 23, 51, 67, 16, 77, 65, 29, 46, 21, 41, 24, 49, 57, 99, 72, 100, 30, 55, 113, 53, 68, 39, 15, 43, 58, 76, 87, 64, 47, 83, 95, 115, 8, 6, 54, -10, 74, 56, 62, 61, 85, 52, 70, 36, 86, 50, 60, 10, 48, 1] <-- Page - 83
[98, 31, 34, 17, 75, -19, 102, 27, 59, 42, 93, -11, 40, 38, 84, 44, 23, 51, 67, 16, 77, 65, 29, 46, 21, 41, 24, 49, 57, 99, 72, 100, 30, 55, 113, 53, 68, 39, 15, 43, 58, 76, 87, 64, 47, 83, 95, 115, 8, 6, 54, -10, 74, 56, 62, 61, 85, 52, 70, 36, 86, 50, 60, 10, 48, 1] <-- Page - 62
[98, 31, 34, 17, 75, -19, 102, 27, 59, 42, 93, -11, 40, 38, 84, 44, 23, 51, 67, 16, 77, 65, 29, 46, 21, 41, 24, 49, 57, 99, 72, 100, 30, 55, 113, 53, 68, 39, 15, 43, 58, 76, 87, 64, 47, 83, 95, 115, 8, 6, 54, -10, 74, 56, 62, 61, 85, 52, 70, 36, 86, 50, 60, 10, 48, 1] <-- Page - 49
[98, 31, 34, 17, 75, -19, 102, 27, 59, 42, 93, -11, 40, 38, 84, 44, 23, 51, 67, 16, 77, 65, 29, 46, 21, 41, 24, 49, 57, 99, 72, 100, 30, 55, 113, 53, 68, 39, 15, 43, 58, 76, 87, 64, 47, 83, 95, 115, 8, 6, 54, -10, 74, 56, 62, 61, 85, 52, 70, 36, 86, 50, 60, 10, 48, 1, 26] <-- Page - 26 | Page Fault Here
[98, 31, 34, 17, 75, -19, 102, 27, 59, 42, 93, -11, 40, 38, 84, 44, 23, 51, 67, 16, 77, 65, 29, 46, 21, 41, 24, 49, 57, 99, 72, 100, 30, 55, 113, 53, 68, 39, 15, 43, 58, 76, 87, 64, 47, 83, 95, 115, 8, 6, 54, -10, 74, 56, 62, 61, 85, 52, 70, 36, 86, 50, 60, 10, 48, 1, 26, 88] <-- Page - 88 | Page Fault Here
[98, 31, 34, 17, 75, -19, 102, 27, 59, 42, 93, -11, 40, 38, 84, 44, 23, 51, 67, 16, 77, 65, 29, 46, 21, 41, 24, 49, 57, 99, 72, 100, 30, 55, 113, 53, 68, 39, 15, 43, 58, 76, 87, 64, 47, 83, 95, 115, 8, 6, 54, -10, 74, 56, 62, 61, 85, 52, 70, 36, 86, 50, 60, 10, 48, 1, 26, 88, 109] <-- Page - 109 | Page Fault Here
[98, 31, 34, 17, 75, -19, 102, 27, 59, 42, 93, -11, 40, 38, 84, 44, 23, 51, 67, 16, 77, 65, 29, 46, 21, 41, 24, 49, 57, 99, 72, 100, 30, 55, 113, 53, 68, 39, 15, 43, 58, 76, 87, 64, 47, 83, 95, 115, 8, 6, 54, -10, 74, 56, 62, 61, 85, 52, 70, 36, 86, 50, 60, 10, 48, 1, 26, 88, 109, -5] <-- Page - -5 | Page Fault Here
[98, 31, 34, 17, 75, -19, 102, 27, 59, 42, 93, -11, 40, 38, 84, 44, 23, 51, 67, 16, 77, 65, 29, 46, 21, 41, 24, 49, 57, 99, 72, 100, 30, 55, 113, 53, 68, 39, 15, 43, 58, 76, 87, 64, 47, 83, 95, 115, 8, 6, 54, -10, 74, 56, 62, 61, 85, 52, 70, 36, 86, 50, 60, 10, 48, 1, 26, 88, 109, -5] <-- Page - 87
[98, 31, 34, 17, 75, -19, 102, 27, 59, 42, 93, -11, 40, 38, 84, 44, 23, 51, 67, 16, 77, 65, 29, 46, 21, 41, 24, 49, 57, 99, 72, 100, 30, 55, 113, 53, 68, 39, 15, 43, 58, 76, 87, 64, 47, 83, 95, 115, 8, 6, 54, -10, 74, 56, 62, 61, 85, 52, 70, 36, 86, 50, 60, 10, 48, 1, 26, 88, 109, -5] <-- Page - 98
[98, 31, 34, 17, 75, -19, 102, 27, 59, 42, 93, -11, 40, 38, 84, 44, 23, 51, 67, 16, 77, 65, 29, 46, 21, 41, 24, 49, 57, 99, 72, 100, 30, 55, 113, 53, 68, 39, 15, 43, 58, 76, 87, 64, 47, 83, 95, 115, 8, 6, 54, -10, 74, 56, 62, 61, 85, 52, 70, 36, 86, 50, 60, 10, 48, 1, 26, 88, 109, -5] <-- Page - 60
[98, 31, 34, 17, 75, -19, 102, 27, 59, 42, 93, -11, 40, 38, 84, 44, 23, 51, 67, 16, 77, 65, 29, 46, 21, 41, 24, 49, 57, 99, 72, 100, 30, 55, 113, 53, 68, 39, 15, 43, 58, 76, 87, 64, 47, 83, 95, 115, 8, 6, 54, -10, 74, 56, 62, 61, 85, 52, 70, 36, 86, 50, 60, 10, 48, 1, 26, 88, 109, -5, 14] <-- Page - 14 | Page Fault Here
[98, 31, 34, 17, 75, -19, 102, 27, 59, 42, 93, -11, 40, 38, 84, 44, 23, 51, 67, 16, 77, 65, 29, 46, 21, 41, 24, 49, 57, 99, 72, 100, 30, 55, 113, 53, 68, 39, 15, 43, 58, 76, 87, 64, 47, 83, 95, 115, 8, 6, 54, -10, 74, 56, 62, 61, 85, 52, 70, 36, 86, 50, 60, 10, 48, 1, 26, 88, 109, -5, 14] <-- Page - 75
[98, 31, 34, 17, 75, -19, 102, 27, 59, 42, 93, -11, 40, 38, 84, 44, 23, 51, 67, 16, 77, 65, 29, 46, 21, 41, 24, 49, 57, 99, 72, 100, 30, 55, 113, 53, 68, 39, 15, 43, 58, 76, 87, 64, 47, 83, 95, 115, 8, 6, 54, -10, 74, 56, 62, 61, 85, 52, 70, 36, 86, 50, 60, 10, 48, 1, 26, 88, 109, -5, 14] <-- Page - 44
[98, 31, 34, 17, 75, -19, 102, 27, 59, 42, 93, -11, 40, 38, 84, 44, 23, 51, 67, 16, 77, 65, 29, 46, 21, 41, 24, 49, 57, 99, 72, 100, 30, 55, 113, 53, 68, 39, 15, 43, 58, 76, 87, 64, 47, 83, 95, 115, 8, 6, 54, -10, 74, 56, 62, 61, 85, 52, 70, 36, 86, 50, 60, 10, 48, 1, 26, 88, 109, -5, 14] <-- Page - 31
[98, 31, 34, 17, 75, -19, 102, 27, 59, 42, 93, -11, 40, 38, 84, 44, 23, 51, 67, 16, 77, 65, 29, 46, 21, 41, 24, 49, 57, 99, 72, 100, 30, 55, 113, 53, 68, 39, 15, 43, 58, 76, 87, 64, 47, 83, 95, 115, 8, 6, 54, -10, 74, 56, 62, 61, 85, 52, 70, 36, 86, 50, 60, 10, 48, 1, 26, 88, 109, -5, 14, 13] <-- Page - 13 | Page Fault Here
[98, 31, 34, 17, 75, -19, 102, 27, 59, 42, 93, -11, 40, 38, 84, 44, 23, 51, 67, 16, 77, 65, 29, 46, 21, 41, 24, 49, 57, 99, 72, 100, 30, 55, 113, 53, 68, 39, 15, 43, 58, 76, 87, 64, 47, 83, 95, 115, 8, 6, 54, -10, 74, 56, 62, 61, 85, 52, 70, 36, 86, 50, 60, 10, 48, 1, 26, 88, 109, -5, 14, 13, 66] <-- Page - 66 | Page Fault Here
[98, 31, 34, 17, 75, -19, 102, 27, 59, 42, 93, -11, 40, 38, 84, 44, 23, 51, 67, 16, 77, 65, 29, 46, 21, 41, 24, 49, 57, 99, 72, 100, 30, 55, 113, 53, 68, 39, 15, 43, 58, 76, 87, 64, 47, 83, 95, 115, 8, 6, 54, -10, 74, 56, 62, 61, 85, 52, 70, 36, 86, 50, 60, 10, 48, 1, 26, 88, 109, -5, 14, 13, 66, 73] <-- Page - 73 | Page Fault Here
[98, 31, 34, 17, 75, -19, 102, 27, 59, 42, 93, -11, 40, 38, 84, 44, 23, 51, 67, 16, 77, 65, 29, 46, 21, 41, 24, 49, 57, 99, 72, 100, 30, 55, 113, 53, 68, 39, 15, 43, 58, 76, 87, 64, 47, 83, 95, 115, 8, 6, 54, -10, 74, 56, 62, 61, 85, 52, 70, 36, 86, 50, 60, 10, 48, 1, 26, 88, 109, -5, 14, 13, 66, 73] <-- Page - 31
[98, 31, 34, 17, 75, -19, 102, 27, 59, 42, 93, -11, 40, 38, 84, 44, 23, 51, 67, 16, 77, 65, 29, 46, 21, 41, 24, 49, 57, 99, 72, 100, 30, 55, 113, 53, 68, 39, 15, 43, 58, 76, 87, 64, 47, 83, 95, 115, 8, 6, 54, -10, 74, 56, 62, 61, 85, 52, 70, 36, 86, 50, 60, 10, 48, 1, 26, 88, 109, -5, 14, 13, 66, 73] <-- Page - 65
[98, 31, 34, 17, 75, -19, 102, 27, 59, 42, 93, -11, 40, 38, 84, 44, 23, 51, 67, 16, 77, 65, 29, 46, 21, 41, 24, 49, 57, 99, 72, 100, 30, 55, 113, 53, 68, 39, 15, 43, 58, 76, 87, 64, 47, 83, 95, 115, 8, 6, 54, -10, 74, 56, 62, 61, 85, 52, 70, 36, 86, 50, 60, 10, 48, 1, 26, 88, 109, -5, 14, 13, 66, 73] <-- Page - 15
[98, 31, 34, 17, 75, -19, 102, 27, 59, 42, 93, -11, 40, 38, 84, 44, 23, 51, 67, 16, 77, 65, 29, 46, 21, 41, 24, 49, 57, 99, 72, 100, 30, 55, 113, 53, 68, 39, 15, 43, 58, 76, 87, 64, 47, 83, 95, 115, 8, 6, 54, -10, 74, 56, 62, 61, 85, 52, 70, 36, 86, 50, 60, 10, 48, 1, 26, 88, 109, -5, 14, 13, 66, 73] <-- Page - 74
[98, 31, 34, 17, 75, -19, 102, 27, 59, 42, 93, -11, 40, 38, 84, 44, 23, 51, 67, 16, 77, 65, 29, 46, 21, 41, 24, 49, 57, 99, 72, 100, 30, 55, 113, 53, 68, 39, 15, 43, 58, 76, 87, 64, 47, 83, 95, 115, 8, 6, 54, -10, 74, 56, 62, 61, 85, 52, 70, 36, 86, 50, 60, 10, 48, 1, 26, 88, 109, -5, 14, 13, 66, 73] <-- Page - 51
[98, 31, 34, 17, 75, -19, 102, 27, 59, 42, 93, -11, 40, 38, 84, 44, 23, 51, 67, 16, 77, 65, 29, 46, 21, 41, 24, 49, 57, 99, 72, 100, 30, 55, 113, 53, 68, 39, 15, 43, 58, 76, 87, 64, 47, 83, 95, 115, 8, 6, 54, -10, 74, 56, 62, 61, 85, 52, 70, 36, 86, 50, 60, 10, 48, 1, 26, 88, 109, -5, 14, 13, 66, 73] <-- Page - 44
[98, 31, 34, 17, 75, -19, 102, 27, 59, 42, 93, -11, 40, 38, 84, 44, 23, 51, 67, 16, 77, 65, 29, 46, 21, 41, 24, 49, 57, 99, 72, 100, 30, 55, 113, 53, 68, 39, 15, 43, 58, 76, 87, 64, 47, 83, 95, 115, 8, 6, 54, -10, 74, 56, 62, 61, 85, 52, 70, 36, 86, 50, 60, 10, 48, 1, 26, 88, 109, -5, 14, 13, 66, 73] <-- Page - 46
[98, 31, 34, 17, 75, -19, 102, 27, 59, 42, 93, -11, 40, 38, 84, 44, 23, 51, 67, 16, 77, 65, 29, 46, 21, 41, 24, 49, 57, 99, 72, 100, 30, 55, 113, 53, 68, 39, 15, 43, 58, 76, 87, 64, 47, 83, 95, 115, 8, 6, 54, -10, 74, 56, 62, 61, 85, 52, 70, 36, 86, 50, 60, 10, 48, 1, 26, 88, 109, -5, 14, 13, 66, 73] <-- Page - 76
[98, 31, 34, 17, 75, -19, 102, 27, 59, 42, 93, -11, 40, 38, 84, 44, 23, 51, 67, 16, 77, 65, 29, 46, 21, 41, 24, 49, 57, 99, 72, 100, 30, 55, 113, 53, 68, 39, 15, 43, 58, 76, 87, 64, 47, 83, 95, 115, 8, 6, 54, -10, 74, 56, 62, 61, 85, 52, 70, 36, 86, 50, 60, 10, 48, 1, 26, 88, 109, -5, 14, 13, 66, 73] <-- Page - 72
[98, 31, 34, 17, 75, -19, 102, 27, 59, 42, 93, -11, 40, 38, 84, 44, 23, 51, 67, 16, 77, 65, 29, 46, 21, 41, 24, 49, 57, 99, 72, 100, 30, 55, 113, 53, 68, 39, 15, 43, 58, 76, 87, 64, 47, 83, 95, 115, 8, 6, 54, -10, 74, 56, 62, 61, 85, 52, 70, 36, 86, 50, 60, 10, 48, 1, 26, 88, 109, -5, 14, 13, 66, 73] <-- Page - 65
[98, 31, 34, 17, 75, -19, 102, 27, 59, 42, 93, -11, 40, 38, 84, 44, 23, 51, 67, 16, 77, 65, 29, 46, 21, 41, 24, 49, 57, 99, 72, 100, 30, 55, 113, 53, 68, 39, 15, 43, 58, 76, 87, 64, 47, 83, 95, 115, 8, 6, 54, -10, 74, 56, 62, 61, 85, 52, 70, 36, 86, 50, 60, 10, 48, 1, 26, 88, 109, -5, 14, 13, 66, 73] <-- Page - 54
[98, 31, 34, 17, 75, -19, 102, 27, 59, 42, 93, -11, 40, 38, 84, 44, 23, 51, 67, 16, 77, 65, 29, 46, 21, 41, 24, 49, 57, 99, 72, 100, 30, 55, 113, 53, 68, 39, 15, 43, 58, 76, 87, 64, 47, 83, 95, 115, 8, 6, 54, -10, 74, 56, 62, 61, 85, 52, 70, 36, 86, 50, 60, 10, 48, 1, 26, 88, 109, -5, 14, 13, 66, 73] <-- Page - 52
[98, 31, 34, 17, 75, -19, 102, 27, 59, 42, 93, -11, 40, 38, 84, 44, 23, 51, 67, 16, 77, 65, 29, 46, 21, 41, 24, 49, 57, 99, 72, 100, 30, 55, 113, 53, 68, 39, 15, 43, 58, 76, 87, 64, 47, 83, 95, 115, 8, 6, 54, -10, 74, 56, 62, 61, 85, 52, 70, 36, 86, 50, 60, 10, 48, 1, 26, 88, 109, -5, 14, 13, 66, 73] <-- Page - 68
[98, 31, 34, 17, 75, -19, 102, 27, 59, 42, 93, -11, 40, 38, 84, 44, 23, 51, 67, 16, 77, 65, 29, 46, 21, 41, 24, 49, 57, 99, 72, 100, 30, 55, 113, 53, 68, 39, 15, 43, 58, 76, 87, 64, 47, 83, 95, 115, 8, 6, 54, -10, 74, 56, 62, 61, 85, 52, 70, 36, 86, 50, 60, 10, 48, 1, 26, 88, 109, -5, 14, 13, 66, 73] <-- Page - 56
[98, 31, 34, 17, 75, -19, 102, 27, 59, 42, 93, -11, 40, 38, 84, 44, 23, 51, 67, 16, 77, 65, 29, 46, 21, 41, 24, 49, 57, 99, 72, 100, 30, 55, 113, 53, 68, 39, 15, 43, 58, 76, 87, 64, 47, 83, 95, 115, 8, 6, 54, -10, 74, 56, 62, 61, 85, 52, 70, 36, 86, 50, 60, 10, 48, 1, 26, 88, 109, -5, 14, 13, 66, 73] <-- Page - 70
[98, 31, 34, 17, 75, -19, 102, 27, 59, 42, 93, -11, 40, 38, 84, 44, 23, 51, 67, 16, 77, 65, 29, 46, 21, 41, 24, 49, 57, 99, 72, 100, 30, 55, 113, 53, 68, 39, 15, 43, 58, 76, 87, 64, 47, 83, 95, 115, 8, 6, 54, -10, 74, 56, 62, 61, 85, 52, 70, 36, 86, 50, 60, 10, 48, 1, 26, 88, 109, -5, 14, 13, 66, 73] <-- Page - 40
[98, 31, 34, 17, 75, -19, 102, 27, 59, 42, 93, -11, 40, 38, 84, 44, 23, 51, 67, 16, 77, 65, 29, 46, 21, 41, 24, 49, 57, 99, 72, 100, 30, 55, 113, 53, 68, 39, 15, 43, 58, 76, 87, 64, 47, 83, 95, 115, 8, 6, 54, -10, 74, 56, 62, 61, 85, 52, 70, 36, 86, 50, 60, 10, 48, 1, 26, 88, 109, -5, 14, 13, 66, 73, -23] <-- Page - -23 | Page Fault Here
[98, 31, 34, 17, 75, -19, 102, 27, 59, 42, 93, -11, 40, 38, 84, 44, 23, 51, 67, 16, 77, 65, 29, 46, 21, 41, 24, 49, 57, 99, 72, 100, 30, 55, 113, 53, 68, 39, 15, 43, 58, 76, 87, 64, 47, 83, 95, 115, 8, 6, 54, -10, 74, 56, 62, 61, 85, 52, 70, 36, 86, 50, 60, 10, 48, 1, 26, 88, 109, -5, 14, 13, 66, 73, -23, 81] <-- Page - 81 | Page Fault Here
[98, 31, 34, 17, 75, -19, 102, 27, 59, 42, 93, -11, 40, 38, 84, 44, 23, 51, 67, 16, 77, 65, 29, 46, 21, 41, 24, 49, 57, 99, 72, 100, 30, 55, 113, 53, 68, 39, 15, 43, 58, 76, 87, 64, 47, 83, 95, 115, 8, 6, 54, -10, 74, 56, 62, 61, 85, 52, 70, 36, 86, 50, 60, 10, 48, 1, 26, 88, 109, -5, 14, 13, 66, 73, -23, 81] <-- Page - 115
[98, 31, 34, 17, 75, -19, 102, 27, 59, 42, 93, -11, 40, 38, 84, 44, 23, 51, 67, 16, 77, 65, 29, 46, 21, 41, 24, 49, 57, 99, 72, 100, 30, 55, 113, 53, 68, 39, 15, 43, 58, 76, 87, 64, 47, 83, 95, 115, 8, 6, 54, -10, 74, 56, 62, 61, 85, 52, 70, 36, 86, 50, 60, 10, 48, 1, 26, 88, 109, -5, 14, 13, 66, 73, -23, 81, 63] <-- Page - 63 | Page Fault Here
[98, 31, 34, 17, 75, -19, 102, 27, 59, 42, 93, -11, 40, 38, 84, 44, 23, 51, 67, 16, 77, 65, 29, 46, 21, 41, 24, 49, 57, 99, 72, 100, 30, 55, 113, 53, 68, 39, 15, 43, 58, 76, 87, 64, 47, 83, 95, 115, 8, 6, 54, -10, 74, 56, 62, 61, 85, 52, 70, 36, 86, 50, 60, 10, 48, 1, 26, 88, 109, -5, 14, 13, 66, 73, -23, 81, 63] <-- Page - 46
[98, 31, 34, 17, 75, -19, 102, 27, 59, 42, 93, -11, 40, 38, 84, 44, 23, 51, 67, 16, 77, 65, 29, 46, 21, 41, 24, 49, 57, 99, 72, 100, 30, 55, 113, 53, 68, 39, 15, 43, 58, 76, 87, 64, 47, 83, 95, 115, 8, 6, 54, -10, 74, 56, 62, 61, 85, 52, 70, 36, 86, 50, 60, 10, 48, 1, 26, 88, 109, -5, 14, 13, 66, 73, -23, 81, 63, 45] <-- Page - 45 | Page Fault Here
[98, 31, 34, 17, 75, -19, 102, 27, 59, 42, 93, -11, 40, 38, 84, 44, 23, 51, 67, 16, 77, 65, 29, 46, 21, 41, 24, 49, 57, 99, 72, 100, 30, 55, 113, 53, 68, 39, 15, 43, 58, 76, 87, 64, 47, 83, 95, 115, 8, 6, 54, -10, 74, 56, 62, 61, 85, 52, 70, 36, 86, 50, 60, 10, 48, 1, 26, 88, 109, -5, 14, 13, 66, 73, -23, 81, 63, 45] <-- Page - 46
[98, 31, 34, 17, 75, -19, 102, 27, 59, 42, 93, -11, 40, 38, 84, 44, 23, 51, 67, 16, 77, 65, 29, 46, 21, 41, 24, 49, 57, 99, 72, 100, 30, 55, 113, 53, 68, 39, 15, 43, 58, 76, 87, 64, 47, 83, 95, 115, 8, 6, 54, -10, 74, 56, 62, 61, 85, 52, 70, 36, 86, 50, 60, 10, 48, 1, 26, 88, 109, -5, 14, 13, 66, 73, -23, 81, 63, 45] <-- Page - 50
[98, 31, 34, 17, 75, -19, 102, 27, 59, 42, 93, -11, 40, 38, 84, 44, 23, 51, 67, 16, 77, 65, 29, 46, 21, 41, 24, 49, 57, 99, 72, 100, 30, 55, 113, 53, 68, 39, 15, 43, 58, 76, 87, 64, 47, 83, 95, 115, 8, 6, 54, -10, 74, 56, 62, 61, 85, 52, 70, 36, 86, 50, 60, 10, 48, 1, 26, 88, 109, -5, 14, 13, 66, 73, -23, 81, 63, 45] <-- Page - 16
[98, 31, 34, 17, 75, -19, 102, 27, 59, 42, 93, -11, 40, 38, 84, 44, 23, 51, 67, 16, 77, 65, 29, 46, 21, 41, 24, 49, 57, 99, 72, 100, 30, 55, 113, 53, 68, 39, 15, 43, 58, 76, 87, 64, 47, 83, 95, 115, 8, 6, 54, -10, 74, 56, 62, 61, 85, 52, 70, 36, 86, 50, 60, 10, 48, 1, 26, 88, 109, -5, 14, 13, 66, 73, -23, 81, 63, 45] <-- Page - 34
[98, 31, 34, 17, 75, -19, 102, 27, 59, 42, 93, -11, 40, 38, 84, 44, 23, 51, 67, 16, 77, 65, 29, 46, 21, 41, 24, 49, 57, 99, 72, 100, 30, 55, 113, 53, 68, 39, 15, 43, 58, 76, 87, 64, 47, 83, 95, 115, 8, 6, 54, -10, 74, 56, 62, 61, 85, 52, 70, 36, 86, 50, 60, 10, 48, 1, 26, 88, 109, -5, 14, 13, 66, 73, -23, 81, 63, 45, 20] <-- Page - 20 | Page Fault Here
[98, 31, 34, 17, 75, -19, 102, 27, 59, 42, 93, -11, 40, 38, 84, 44, 23, 51, 67, 16, 77, 65, 29, 46, 21, 41, 24, 49, 57, 99, 72, 100, 30, 55, 113, 53, 68, 39, 15, 43, 58, 76, 87, 64, 47, 83, 95, 115, 8, 6, 54, -10, 74, 56, 62, 61, 85, 52, 70, 36, 86, 50, 60, 10, 48, 1, 26, 88, 109, -5, 14, 13, 66, 73, -23, 81, 63, 45, 20] <-- Page - 57
[98, 31, 34, 17, 75, -19, 102, 27, 59, 42, 93, -11, 40, 38, 84, 44, 23, 51, 67, 16, 77, 65, 29, 46, 21, 41, 24, 49, 57, 99, 72, 100, 30, 55, 113, 53, 68, 39, 15, 43, 58, 76, 87, 64, 47, 83, 95, 115, 8, 6, 54, -10, 74, 56, 62, 61, 85, 52, 70, 36, 86, 50, 60, 10, 48, 1, 26, 88, 109, -5, 14, 13, 66, 73, -23, 81, 63, 45, 20] <-- Page - 41
[98, 31, 34, 17, 75, -19, 102, 27, 59, 42, 93, -11, 40, 38, 84, 44, 23, 51, 67, 16, 77, 65, 29, 46, 21, 41, 24, 49, 57, 99, 72, 100, 30, 55, 113, 53, 68, 39, 15, 43, 58, 76, 87, 64, 47, 83, 95, 115, 8, 6, 54, -10, 74, 56, 62, 61, 85, 52, 70, 36, 86, 50, 60, 10, 48, 1, 26, 88, 109, -5, 14, 13, 66, 73, -23, 81, 63, 45, 20] <-- Page - 64
[98, 31, 34, 17, 75, -19, 102, 27, 59, 42, 93, -11, 40, 38, 84, 44, 23, 51, 67, 16, 77, 65, 29, 46, 21, 41, 24, 49, 57, 99, 72, 100, 30, 55, 113, 53, 68, 39, 15, 43, 58, 76, 87, 64, 47, 83, 95, 115, 8, 6, 54, -10, 74, 56, 62, 61, 85, 52, 70, 36, 86, 50, 60, 10, 48, 1, 26, 88, 109, -5, 14, 13, 66, 73, -23, 81, 63, 45, 20] <-- Page - 44
[98, 31, 34, 17, 75, -19, 102, 27, 59, 42, 93, -11, 40, 38, 84, 44, 23, 51, 67, 16, 77, 65, 29, 46, 21, 41, 24, 49, 57, 99, 72, 100, 30, 55, 113, 53, 68, 39, 15, 43, 58, 76, 87, 64, 47, 83, 95, 115, 8, 6, 54, -10, 74, 56, 62, 61, 85, 52, 70, 36, 86, 50, 60, 10, 48, 1, 26, 88, 109, -5, 14, 13, 66, 73, -23, 81, 63, 45, 20, 79] <-- Page - 79 | Page Fault Here
[98, 31, 34, 17, 75, -19, 102, 27, 59, 42, 93, -11, 40, 38, 84, 44, 23, 51, 67, 16, 77, 65, 29, 46, 21, 41, 24, 49, 57, 99, 72, 100, 30, 55, 113, 53, 68, 39, 15, 43, 58, 76, 87, 64, 47, 83, 95, 115, 8, 6, 54, -10, 74, 56, 62, 61, 85, 52, 70, 36, 86, 50, 60, 10, 48, 1, 26, 88, 109, -5, 14, 13, 66, 73, -23, 81, 63, 45, 20, 79] <-- Page - 56
[98, 31, 34, 17, 75, -19, 102, 27, 59, 42, 93, -11, 40, 38, 84, 44, 23, 51, 67, 16, 77, 65, 29, 46, 21, 41, 24, 49, 57, 99, 72, 100, 30, 55, 113, 53, 68, 39, 15, 43, 58, 76, 87, 64, 47, 83, 95, 115, 8, 6, 54, -10, 74, 56, 62, 61, 85, 52, 70, 36, 86, 50, 60, 10, 48, 1, 26, 88, 109, -5, 14, 13, 66, 73, -23, 81, 63, 45, 20, 79] <-- Page - 115
[98, 31, 34, 17, 75, -19, 102, 27, 59, 42, 93, -11, 40, 38, 84, 44, 23, 51, 67, 16, 77, 65, 29, 46, 21, 41, 24, 49, 57, 99, 72, 100, 30, 55, 113, 53, 68, 39, 15, 43, 58, 76, 87, 64, 47, 83, 95, 115, 8, 6, 54, -10, 74, 56, 62, 61, 85, 52, 70, 36, 86, 50, 60, 10, 48, 1, 26, 88, 109, -5, 14, 13, 66, 73, -23, 81, 63, 45, 20, 79, -6] <-- Page - -6 | Page Fault Here
[98, 31, 34, 17, 75, -19, 102, 27, 59, 42, 93, -11, 40, 38, 84, 44, 23, 51, 67, 16, 77, 65, 29, 46, 21, 41, 24, 49, 57, 99, 72, 100, 30, 55, 113, 53, 68, 39, 15, 43, 58, 76, 87, 64, 47, 83, 95, 115, 8, 6, 54, -10, 74, 56, 62, 61, 85, 52, 70, 36, 86, 50, 60, 10, 48, 1, 26, 88, 109, -5, 14, 13, 66, 73, -23, 81, 63, 45, 20, 79, -6] <-- Page - 30
[98, 31, 34, 17, 75, -19, 102, 27, 59, 42, 93, -11, 40, 38, 84, 44, 23, 51, 67, 16, 77, 65, 29, 46, 21, 41, 24, 49, 57, 99, 72, 100, 30, 55, 113, 53, 68, 39, 15, 43, 58, 76, 87, 64, 47, 83, 95, 115, 8, 6, 54, -10, 74, 56, 62, 61, 85, 52, 70, 36, 86, 50, 60, 10, 48, 1, 26, 88, 109, -5, 14, 13, 66, 73, -23, 81, 63, 45, 20, 79, -6] <-- Page - 77
[98, 31, 34, 17, 75, -19, 102, 27, 59, 42, 93, -11, 40, 38, 84, 44, 23, 51, 67, 16, 77, 65, 29, 46, 21, 41, 24, 49, 57, 99, 72, 100, 30, 55, 113, 53, 68, 39, 15, 43, 58, 76, 87, 64, 47, 83, 95, 115, 8, 6, 54, -10, 74, 56, 62, 61, 85, 52, 70, 36, 86, 50, 60, 10, 48, 1, 26, 88, 109, -5, 14, 13, 66, 73, -23, 81, 63, 45, 20, 79, -6, 125] <-- Page - 125 | Page Fault Here
[98, 31, 34, 17, 75, -19, 102, 27, 59, 42, 93, -11, 40, 38, 84, 44, 23, 51, 67, 16, 77, 65, 29, 46, 21, 41, 24, 49, 57, 99, 72, 100, 30, 55, 113, 53, 68, 39, 15, 43, 58, 76, 87, 64, 47, 83, 95, 115, 8, 6, 54, -10, 74, 56, 62, 61, 85, 52, 70, 36, 86, 50, 60, 10, 48, 1, 26, 88, 109, -5, 14, 13, 66, 73, -23, 81, 63, 45, 20, 79, -6, 125] <-- Page - 42
[98, 31, 34, 17, 75, -19, 102, 27, 59, 42, 93, -11, 40, 38, 84, 44, 23, 51, 67, 16, 77, 65, 29, 46, 21, 41, 24, 49, 57, 99, 72, 100, 30, 55, 113, 53, 68, 39, 15, 43, 58, 76, 87, 64, 47, 83, 95, 115, 8, 6, 54, -10, 74, 56, 62, 61, 85, 52, 70, 36, 86, 50, 60, 10, 48, 1, 26, 88, 109, -5, 14, 13, 66, 73, -23, 81, 63, 45, 20, 79, -6, 125] <-- Page - 51
[98, 31, 34, 17, 75, -19, 102, 27, 59, 42, 93, -11, 40, 38, 84, 44, 23, 51, 67, 16, 77, 65, 29, 46, 21, 41, 24, 49, 57, 99, 72, 100, 30, 55, 113, 53, 68, 39, 15, 43, 58, 76, 87, 64, 47, 83, 95, 115, 8, 6, 54, -10, 74, 56, 62, 61, 85, 52, 70, 36, 86, 50, 60, 10, 48, 1, 26, 88, 109, -5, 14, 13, 66, 73, -23, 81, 63, 45, 20, 79, -6, 125] <-- Page - 43
[98, 31, 34, 17, 75, -19, 102, 27, 59, 42, 93, -11, 40, 38, 84, 44, 23, 51, 67, 16, 77, 65, 29, 46, 21, 41, 24, 49, 57, 99, 72, 100, 30, 55, 113, 53, 68, 39, 15, 43, 58, 76, 87, 64, 47, 83, 95, 115, 8, 6, 54, -10, 74, 56, 62, 61, 85, 52, 70, 36, 86, 50, 60, 10, 48, 1, 26, 88, 109, -5, 14, 13, 66, 73, -23, 81, 63, 45, 20, 79, -6, 125, 89] <-- Page - 89 | Page Fault Here
[98, 31, 34, 17, 75, -19, 102, 27, 59, 42, 93, -11, 40, 38, 84, 44, 23, 51, 67, 16, 77, 65, 29, 46, 21, 41, 24, 49, 57, 99, 72, 100, 30, 55, 113, 53, 68, 39, 15, 43, 58, 76, 87, 64, 47, 83, 95, 115, 8, 6, 54, -10, 74, 56, 62, 61, 85, 52, 70, 36, 86, 50, 60, 10, 48, 1, 26, 88, 109, -5, 14, 13, 66, 73, -23, 81, 63, 45, 20, 79, -6, 125, 89] <-- Page - 41
[98, 31, 34, 17, 75, -19, 102, 27, 59, 42, 93, -11, 40, 38, 84, 44, 23, 51, 67, 16, 77, 65, 29, 46, 21, 41, 24, 49, 57, 99, 72, 100, 30, 55, 113, 53, 68, 39, 15, 43, 58, 76, 87, 64, 47, 83, 95, 115, 8, 6, 54, -10, 74, 56, 62, 61, 85, 52, 70, 36, 86, 50, 60, 10, 48, 1, 26, 88, 109, -5, 14, 13, 66, 73, -23, 81, 63, 45, 20, 79, -6, 125, 89] <-- Page - 70
[98, 31, 34, 17, 75, -19, 102, 27, 59, 42, 93, -11, 40, 38, 84, 44, 23, 51, 67, 16, 77, 65, 29, 46, 21, 41, 24, 49, 57, 99, 72, 100, 30, 55, 113, 53, 68, 39, 15, 43, 58, 76, 87, 64, 47, 83, 95, 115, 8, 6, 54, -10, 74, 56, 62, 61, 85, 52, 70, 36, 86, 50, 60, 10, 48, 1, 26, 88, 109, -5, 14, 13, 66, 73, -23, 81, 63, 45, 20, 79, -6, 125, 89] <-- Page - 40
[98, 31, 34, 17, 75, -19, 102, 27, 59, 42, 93, -11, 40, 38, 84, 44, 23, 51, 67, 16, 77, 65, 29, 46, 21, 41, 24, 49, 57, 99, 72, 100, 30, 55, 113, 53, 68, 39, 15, 43, 58, 76, 87, 64, 47, 83, 95, 115, 8, 6, 54, -10, 74, 56, 62, 61, 85, 52, 70, 36, 86, 50, 60, 10, 48, 1, 26, 88, 109, -5, 14, 13, 66, 73, -23, 81, 63, 45, 20, 79, -6, 125, 89, 11] <-- Page - 11 | Page Fault Here
[98, 31, 34, 17, 75, -19, 102, 27, 59, 42, 93, -11, 40, 38, 84, 44, 23, 51, 67, 16, 77, 65, 29, 46, 21, 41, 24, 49, 57, 99, 72, 100, 30, 55, 113, 53, 68, 39, 15, 43, 58, 76, 87, 64, 47, 83, 95, 115, 8, 6, 54, -10, 74, 56, 62, 61, 85, 52, 70, 36, 86, 50, 60, 10, 48, 1, 26, 88, 109, -5, 14, 13, 66, 73, -23, 81, 63, 45, 20, 79, -6, 125, 89, 11] <-- Page - 59
[98, 31, 34, 17, 75, -19, 102, 27, 59, 42, 93, -11, 40, 38, 84, 44, 23, 51, 67, 16, 77, 65, 29, 46, 21, 41, 24, 49, 57, 99, 72, 100, 30, 55, 113, 53, 68, 39, 15, 43, 58, 76, 87, 64, 47, 83, 95, 115, 8, 6, 54, -10, 74, 56, 62, 61, 85, 52, 70, 36, 86, 50, 60, 10, 48, 1, 26, 88, 109, -5, 14, 13, 66, 73, -23, 81, 63, 45, 20, 79, -6, 125, 89, 11] <-- Page - 65
[98, 31, 34, 17, 75, -19, 102, 27, 59, 42, 93, -11, 40, 38, 84, 44, 23, 51, 67, 16, 77, 65, 29, 46, 21, 41, 24, 49, 57, 99, 72, 100, 30, 55, 113, 53, 68, 39, 15, 43, 58, 76, 87, 64, 47, 83, 95, 115, 8, 6, 54, -10, 74, 56, 62, 61, 85, 52, 70, 36, 86, 50, 60, 10, 48, 1, 26, 88, 109, -5, 14, 13, 66, 73, -23, 81, 63, 45, 20, 79, -6, 125, 89, 11] <-- Page - 88
[98, 31, 34, 17, 75, -19, 102, 27, 59, 42, 93, -11, 40, 38, 84, 44, 23, 51, 67, 16, 77, 65, 29, 46, 21, 41, 24, 49, 57, 99, 72, 100, 30, 55, 113, 53, 68, 39, 15, 43, 58, 76, 87, 64, 47, 83, 95, 115, 8, 6, 54, -10, 74, 56, 62, 61, 85, 52, 70, 36, 86, 50, 60, 10, 48, 1, 26, 88, 109, -5, 14, 13, 66, 73, -23, 81, 63, 45, 20, 79, -6, 125, 89, 11] <-- Page - 46
[98, 31, 34, 17, 75, -19, 102, 27, 59, 42, 93, -11, 40, 38, 84, 44, 23, 51, 67, 16, 77, 65, 29, 46, 21, 41, 24, 49, 57, 99, 72, 100, 30, 55, 113, 53, 68, 39, 15, 43, 58, 76, 87, 64, 47, 83, 95, 115, 8, 6, 54, -10, 74, 56, 62, 61, 85, 52, 70, 36, 86, 50, 60, 10, 48, 1, 26, 88, 109, -5, 14, 13, 66, 73, -23, 81, 63, 45, 20, 79, -6, 125, 89, 11] <-- Page - 31
[98, 31, 34, 17, 75, -19, 102, 27, 59, 42, 93, -11, 40, 38, 84, 44, 23, 51, 67, 16, 77, 65, 29, 46, 21, 41, 24, 49, 57, 99, 72, 100, 30, 55, 113, 53, 68, 39, 15, 43, 58, 76, 87, 64, 47, 83, 95, 115, 8, 6, 54, -10, 74, 56, 62, 61, 85, 52, 70, 36, 86, 50, 60, 10, 48, 1, 26, 88, 109, -5, 14, 13, 66, 73, -23, 81, 63, 45, 20, 79, -6, 125, 89, 11] <-- Page - 66
[98, 31, 34, 17, 75, -19, 102, 27, 59, 42, 93, -11, 40, 38, 84, 44, 23, 51, 67, 16, 77, 65, 29, 46, 21, 41, 24, 49, 57, 99, 72, 100, 30, 55, 113, 53, 68, 39, 15, 43, 58, 76, 87, 64, 47, 83, 95, 115, 8, 6, 54, -10, 74, 56, 62, 61, 85, 52, 70, 36, 86, 50, 60, 10, 48, 1, 26, 88, 109, -5, 14, 13, 66, 73, -23, 81, 63, 45, 20, 79, -6, 125, 89, 11] <-- Page - 57
[98, 31, 34, 17, 75, -19, 102, 27, 59, 42, 93, -11, 40, 38, 84, 44, 23, 51, 67, 16, 77, 65, 29, 46, 21, 41, 24, 49, 57, 99, 72, 100, 30, 55, 113, 53, 68, 39, 15, 43, 58, 76, 87, 64, 47, 83, 95, 115, 8, 6, 54, -10, 74, 56, 62, 61, 85, 52, 70, 36, 86, 50, 60, 10, 48, 1, 26, 88, 109, -5, 14, 13, 66, 73, -23, 81, 63, 45, 20, 79, -6, 125, 89, 11] <-- Page - 58
[98, 31, 34, 17, 75, -19, 102, 27, 59, 42, 93, -11, 40, 38, 84, 44, 23, 51, 67, 16, 77, 65, 29, 46, 21, 41, 24, 49, 57, 99, 72, 100, 30, 55, 113, 53, 68, 39, 15, 43, 58, 76, 87, 64, 47, 83, 95, 115, 8, 6, 54, -10, 74, 56, 62, 61, 85, 52, 70, 36, 86, 50, 60, 10, 48, 1, 26, 88, 109, -5, 14, 13, 66, 73, -23, 81, 63, 45, 20, 79, -6, 125, 89, 11] <-- Page - 47
[98, 31, 34, 17, 75, -19, 102, 27, 59, 42, 93, -11, 40, 38, 84, 44, 23, 51, 67, 16, 77, 65, 29, 46, 21, 41, 24, 49, 57, 99, 72, 100, 30, 55, 113, 53, 68, 39, 15, 43, 58, 76, 87, 64, 47, 83, 95, 115, 8, 6, 54, -10, 74, 56, 62, 61, 85, 52, 70, 36, 86, 50, 60, 10, 48, 1, 26, 88, 109, -5, 14, 13, 66, 73, -23, 81, 63, 45, 20, 79, -6, 125, 89, 11] <-- Page - 84
[98, 31, 34, 17, 75, -19, 102, 27, 59, 42, 93, -11, 40, 38, 84, 44, 23, 51, 67, 16, 77, 65, 29, 46, 21, 41, 24, 49, 57, 99, 72, 100, 30, 55, 113, 53, 68, 39, 15, 43, 58, 76, 87, 64, 47, 83, 95, 115, 8, 6, 54, -10, 74, 56, 62, 61, 85, 52, 70, 36, 86, 50, 60, 10, 48, 1, 26, 88, 109, -5, 14, 13, 66, 73, -23, 81, 63, 45, 20, 79, -6, 125, 89, 11] <-- Page - 61
[98, 31, 34, 17, 75, -19, 102, 27, 59, 42, 93, -11, 40, 38, 84, 44, 23, 51, 67, 16, 77, 65, 29, 46, 21, 41, 24, 49, 57, 99, 72, 100, 30, 55, 113, 53, 68, 39, 15, 43, 58, 76, 87, 64, 47, 83, 95, 115, 8, 6, 54, -10, 74, 56, 62, 61, 85, 52, 70, 36, 86, 50, 60, 10, 48, 1, 26, 88, 109, -5, 14, 13, 66, 73, -23, 81, 63, 45, 20, 79, -6, 125, 89, 11, 107] <-- Page - 107 | Page Fault Here
[98, 31, 34, 17, 75, -19, 102, 27, 59, 42, 93, -11, 40, 38, 84, 44, 23, 51, 67, 16, 77, 65, 29, 46, 21, 41, 24, 49, 57, 99, 72, 100, 30, 55, 113, 53, 68, 39, 15, 43, 58, 76, 87, 64, 47, 83, 95, 115, 8, 6, 54, -10, 74, 56, 62, 61, 85, 52, 70, 36, 86, 50, 60, 10, 48, 1, 26, 88, 109, -5, 14, 13, 66, 73, -23, 81, 63, 45, 20, 79, -6, 125, 89, 11, 107] <-- Page - 83
[98, 31, 34, 17, 75, -19, 102, 27, 59, 42, 93, -11, 40, 38, 84, 44, 23, 51, 67, 16, 77, 65, 29, 46, 21, 41, 24, 49, 57, 99, 72, 100, 30, 55, 113, 53, 68, 39, 15, 43, 58, 76, 87, 64, 47, 83, 95, 115, 8, 6, 54, -10, 74, 56, 62, 61, 85, 52, 70, 36, 86, 50, 60, 10, 48, 1, 26, 88, 109, -5, 14, 13, 66, 73, -23, 81, 63, 45, 20, 79, -6, 125, 89, 11, 107, 69] <-- Page - 69 | Page Fault Here
[98, 31, 34, 17, 75, -19, 102, 27, 59, 42, 93, -11, 40, 38, 84, 44, 23, 51, 67, 16, 77, 65, 29, 46, 21, 41, 24, 49, 57, 99, 72, 100, 30, 55, 113, 53, 68, 39, 15, 43, 58, 76, 87, 64, 47, 83, 95, 115, 8, 6, 54, -10, 74, 56, 62, 61, 85, 52, 70, 36, 86, 50, 60, 10, 48, 1, 26, 88, 109, -5, 14, 13, 66, 73, -23, 81, 63, 45, 20, 79, -6, 125, 89, 11, 107, 69] <-- Page - 1
[98, 31, 34, 17, 75, -19, 102, 27, 59, 42, 93, -11, 40, 38, 84, 44, 23, 51, 67, 16, 77, 65, 29, 46, 21, 41, 24, 49, 57, 99, 72, 100, 30, 55, 113, 53, 68, 39, 15, 43, 58, 76, 87, 64, 47, 83, 95, 115, 8, 6, 54, -10, 74, 56, 62, 61, 85, 52, 70, 36, 86, 50, 60, 10, 48, 1, 26, 88, 109, -5, 14, 13, 66, 73, -23, 81, 63, 45, 20, 79, -6, 125, 89, 11, 107, 69] <-- Page - 68
[98, 31, 34, 17, 75, -19, 102, 27, 59, 42, 93, -11, 40, 38, 84, 44, 23, 51, 67, 16, 77, 65, 29, 46, 21, 41, 24, 49, 57, 99, 72, 100, 30, 55, 113, 53, 68, 39, 15, 43, 58, 76, 87, 64, 47, 83, 95, 115, 8, 6, 54, -10, 74, 56, 62, 61, 85, 52, 70, 36, 86, 50, 60, 10, 48, 1, 26, 88, 109, -5, 14, 13, 66, 73, -23, 81, 63, 45, 20, 79, -6, 125, 89, 11, 107, 69] <-- Page - 62
[98, 31, 34, 17, 75, -19, 102, 27, 59, 42, 93, -11, 40, 38, 84, 44, 23, 51, 67, 16, 77, 65, 29, 46, 21, 41, 24, 49, 57, 99, 72, 100, 30, 55, 113, 53, 68, 39, 15, 43, 58, 76, 87, 64, 47, 83, 95, 115, 8, 6, 54, -10, 74, 56, 62, 61, 85, 52, 70, 36, 86, 50, 60, 10, 48, 1, 26, 88, 109, -5, 14, 13, 66, 73, -23, 81, 63, 45, 20, 79, -6, 125, 89, 11, 107, 69] <-- Page - 74
[98, 31, 34, 17, 75, -19, 102, 27, 59, 42, 93, -11, 40, 38, 84, 44, 23, 51, 67, 16, 77, 65, 29, 46, 21, 41, 24, 49, 57, 99, 72, 100, 30, 55, 113, 53, 68, 39, 15, 43, 58, 76, 87, 64, 47, 83, 95, 115, 8, 6, 54, -10, 74, 56, 62, 61, 85, 52, 70, 36, 86, 50, 60, 10, 48, 1, 26, 88, 109, -5, 14, 13, 66, 73, -23, 81, 63, 45, 20, 79, -6, 125, 89, 11, 107, 69] <-- Page - 81
[98, 31, 34, 17, 75, -19, 102, 27, 59, 42, 93, -11, 40, 38, 84, 44, 23, 51, 67, 16, 77, 65, 29, 46, 21, 41, 24, 49, 57, 99, 72, 100, 30, 55, 113, 53, 68, 39, 15, 43, 58, 76, 87, 64, 47, 83, 95, 115, 8, 6, 54, -10, 74, 56, 62, 61, 85, 52, 70, 36, 86, 50, 60, 10, 48, 1, 26, 88, 109, -5, 14, 13, 66, 73, -23, 81, 63, 45, 20, 79, -6, 125, 89, 11, 107, 69, 37] <-- Page - 37 | Page Fault Here
[98, 31, 34, 17, 75, -19, 102, 27, 59, 42, 93, -11, 40, 38, 84, 44, 23, 51, 67, 16, 77, 65, 29, 46, 21, 41, 24, 49, 57, 99, 72, 100, 30, 55, 113, 53, 68, 39, 15, 43, 58, 76, 87, 64, 47, 83, 95, 115, 8, 6, 54, -10, 74, 56, 62, 61, 85, 52, 70, 36, 86, 50, 60, 10, 48, 1, 26, 88, 109, -5, 14, 13, 66, 73, -23, 81, 63, 45, 20, 79, -6, 125, 89, 11, 107, 69, 37] <-- Page - 74
[98, 31, 34, 17, 75, -19, 102, 27, 59, 42, 93, -11, 40, 38, 84, 44, 23, 51, 67, 16, 77, 65, 29, 46, 21, 41, 24, 49, 57, 99, 72, 100, 30, 55, 113, 53, 68, 39, 15, 43, 58, 76, 87, 64, 47, 83, 95, 115, 8, 6, 54, -10, 74, 56, 62, 61, 85, 52, 70, 36, 86, 50, 60, 10, 48, 1, 26, 88, 109, -5, 14, 13, 66, 73, -23, 81, 63, 45, 20, 79, -6, 125, 89, 11, 107, 69, 37, 33] <-- Page - 33 | Page Fault Here
[98, 31, 34, 17, 75, -19, 102, 27, 59, 42, 93, -11, 40, 38, 84, 44, 23, 51, 67, 16, 77, 65, 29, 46, 21, 41, 24, 49, 57, 99, 72, 100, 30, 55, 113, 53, 68, 39, 15, 43, 58, 76, 87, 64, 47, 83, 95, 115, 8, 6, 54, -10, 74, 56, 62, 61, 85, 52, 70, 36, 86, 50, 60, 10, 48, 1, 26, 88, 109, -5, 14, 13, 66, 73, -23, 81, 63, 45, 20, 79, -6, 125, 89, 11, 107, 69, 37, 33, 108] <-- Page - 108 | Page Fault Here
[98, 31, 34, 17, 75, -19, 102, 27, 59, 42, 93, -11, 40, 38, 84, 44, 23, 51, 67, 16, 77, 65, 29, 46, 21, 41, 24, 49, 57, 99, 72, 100, 30, 55, 113, 53, 68, 39, 15, 43, 58, 76, 87, 64, 47, 83, 95, 115, 8, 6, 54, -10, 74, 56, 62, 61, 85, 52, 70, 36, 86, 50, 60, 10, 48, 1, 26, 88, 109, -5, 14, 13, 66, 73, -23, 81, 63, 45, 20, 79, -6, 125, 89, 11, 107, 69, 37, 33, 108] <-- Page - 10
[98, 31, 34, 17, 75, -19, 102, 27, 59, 42, 93, -11, 40, 38, 84, 44, 23, 51, 67, 16, 77, 65, 29, 46, 21, 41, 24, 49, 57, 99, 72, 100, 30, 55, 113, 53, 68, 39, 15, 43, 58, 76, 87, 64, 47, 83, 95, 115, 8, 6, 54, -10, 74, 56, 62, 61, 85, 52, 70, 36, 86, 50, 60, 10, 48, 1, 26, 88, 109, -5, 14, 13, 66, 73, -23, 81, 63, 45, 20, 79, -6, 125, 89, 11, 107, 69, 37, 33, 108, -2] <-- Page - -2 | Page Fault Here
[98, 31, 34, 17, 75, 102, 27, 59, 42, 93, -11, 40, 38, 84, 44, 23, 51, 67, 16, 77, 65, 29, 46, 21, 41, 24, 49, 57, 99, 72, 100, 30, 55, 113, 53, 68, 39, 15, 43, 58, 76, 87, 64, 47, 83, 95, 115, 8, 6, 54, -10, 74, 56, 62, 61, 85, 52, 70, 36, 86, 50, 60, 10, 48, 1, 26, 88, 109, -5, 14, 13, 66, 73, -23, 81, 63, 45, 20, 79, -6, 125, 89, 11, 107, 69, 37, 33, 108, -2, 0] <-- Page - 0 | Page Fault Here
[98, 31, 34, 17, 75, 102, 27, 59, 42, 93, -11, 40, 38, 84, 44, 23, 51, 67, 16, 77, 65, 29, 46, 21, 41, 24, 49, 57, 99, 72, 100, 30, 55, 113, 53, 68, 39, 15, 43, 58, 76, 87, 64, 47, 83, 95, 115, 8, 6, 54, -10, 74, 56, 62, 61, 85, 52, 70, 36, 86, 50, 60, 10, 48, 1, 26, 88, 109, -5, 14, 13, 66, 73, -23, 81, 63, 45, 20, 79, -6, 125, 89, 11, 107, 69, 37, 33, 108, -2, 0] <-- Page - 23
[98, 31, 34, 17, 75, 102, 27, 59, 42, 93, -11, 40, 38, 84, 44, 23, 51, 67, 16, 77, 65, 29, 46, 21, 41, 24, 49, 57, 99, 72, 100, 30, 55, 113, 53, 68, 39, 15, 43, 58, 76, 87, 64, 47, 83, 95, 115, 8, 6, 54, -10, 74, 56, 62, 61, 85, 52, 70, 36, 86, 50, 60, 10, 48, 1, 26, 88, 109, -5, 14, 13, 66, 73, -23, 81, 63, 45, 20, 79, -6, 125, 89, 11, 107, 69, 37, 33, 108, -2, 0] <-- Page - 16
[98, 31, 34, 17, 75, 102, 27, 59, 42, 93, -11, 40, 38, 84, 44, 23, 51, 67, 16, 77, 65, 29, 46, 21, 41, 24, 49, 57, 99, 72, 100, 30, 55, 113, 53, 68, 39, 15, 43, 58, 76, 87, 64, 47, 83, 95, 115, 8, 6, 54, -10, 74, 56, 62, 61, 85, 52, 70, 36, 86, 50, 60, 10, 48, 1, 26, 88, 109, -5, 14, 13, 66, 73, -23, 81, 63, 45, 20, 79, -6, 125, 89, 11, 107, 69, 37, 33, 108, -2, 0] <-- Page - 108
[98, 31, 34, 17, 75, 102, 27, 59, 42, 93, -11, 40, 38, 84, 44, 23, 51, 67, 16, 77, 65, 29, 46, 21, 41, 24, 49, 57, 99, 72, 100, 30, 55, 113, 53, 68, 39, 15, 43, 58, 76, 87, 64, 47, 83, 95, 115, 8, 6, 54, -10, 74, 56, 62, 61, 85, 52, 70, 36, 86, 50, 60, 10, 48, 1, 26, 88, 109, -5, 14, 13, 66, 73, -23, 81, 63, 45, 20, 79, -6, 125, 89, 11, 107, 69, 37, 33, 108, -2, 0] <-- Page - 40
[98, 31, 34, 17, 75, 27, 59, 42, 93, -11, 40, 38, 84, 44, 23, 51, 67, 16, 77, 65, 29, 46, 21, 41, 24, 49, 57, 99, 72, 100, 30, 55, 113, 53, 68, 39, 15, 43, 58, 76, 87, 64, 47, 83, 95, 115, 8, 6, 54, -10, 74, 56, 62, 61, 85, 52, 70, 36, 86, 50, 60, 10, 48, 1, 26, 88, 109, -5, 14, 13, 66, 73, -23, 81, 63, 45, 20, 79, -6, 125, 89, 11, 107, 69, 37, 33, 108, -2, 0, 9] <-- Page - 9 | Page Fault Here
[98, 31, 34, 17, 75, 27, 59, 42, 93, -11, 40, 38, 84, 44, 23, 51, 67, 16, 77, 65, 29, 46, 21, 41, 24, 49, 57, 99, 72, 100, 30, 55, 113, 53, 68, 39, 15, 43, 58, 76, 87, 64, 47, 83, 95, 115, 8, 6, 54, -10, 74, 56, 62, 61, 85, 52, 70, 36, 86, 50, 60, 10, 48, 1, 26, 88, 109, -5, 14, 13, 66, 73, -23, 81, 63, 45, 20, 79, -6, 125, 89, 11, 107, 69, 37, 33, 108, -2, 0, 9] <-- Page - 83
[98, 31, 34, 17, 75, 27, 59, 42, -11, 40, 38, 84, 44, 23, 51, 67, 16, 77, 65, 29, 46, 21, 41, 24, 49, 57, 99, 72, 100, 30, 55, 113, 53, 68, 39, 15, 43, 58, 76, 87, 64, 47, 83, 95, 115, 8, 6, 54, -10, 74, 56, 62, 61, 85, 52, 70, 36, 86, 50, 60, 10, 48, 1, 26, 88, 109, -5, 14, 13, 66, 73, -23, 81, 63, 45, 20, 79, -6, 125, 89, 11, 107, 69, 37, 33, 108, -2, 0, 9, 32] <-- Page - 32 | Page Fault Here
[98, 31, 34, 17, 75, 27, 59, 42, 40, 38, 84, 44, 23, 51, 67, 16, 77, 65, 29, 46, 21, 41, 24, 49, 57, 99, 72, 100, 30, 55, 113, 53, 68, 39, 15, 43, 58, 76, 87, 64, 47, 83, 95, 115, 8, 6, 54, -10, 74, 56, 62, 61, 85, 52, 70, 36, 86, 50, 60, 10, 48, 1, 26, 88, 109, -5, 14, 13, 66, 73, -23, 81, 63, 45, 20, 79, -6, 125, 89, 11, 107, 69, 37, 33, 108, -2, 0, 9, 32, 12] <-- Page - 12 | Page Fault Here
[98, 31, 34, 17, 75, 27, 59, 42, 40, 38, 84, 44, 23, 51, 67, 16, 77, 65, 29, 46, 21, 41, 24, 49, 57, 99, 72, 100, 30, 55, 113, 53, 68, 39, 15, 43, 58, 76, 87, 64, 47, 83, 95, 115, 8, 6, 54, -10, 74, 56, 62, 61, 85, 52, 70, 36, 86, 50, 60, 10, 48, 1, 26, 88, 109, -5, 14, 13, 66, 73, -23, 81, 63, 45, 20, 79, -6, 125, 89, 11, 107, 69, 37, 33, 108, -2, 0, 9, 32, 12] <-- Page - 76
[98, 31, 34, 17, 75, 27, 59, 42, 40, 38, 84, 44, 23, 51, 67, 16, 77, 65, 29, 46, 21, 41, 24, 49, 57, 99, 72, 100, 30, 55, 113, 53, 68, 39, 15, 43, 58, 76, 87, 64, 47, 83, 95, 115, 8, 6, 54, -10, 74, 56, 62, 61, 85, 52, 70, 36, 86, 50, 60, 10, 48, 1, 26, 88, 109, -5, 14, 13, 66, 73, -23, 81, 63, 45, 20, 79, -6, 125, 89, 11, 107, 69, 37, 33, 108, -2, 0, 9, 32, 12] <-- Page - 68
[98, 31, 34, 17, 75, 27, 59, 42, 40, 38, 84, 44, 23, 51, 67, 16, 77, 65, 29, 46, 21, 41, 24, 49, 57, 99, 72, 100, 30, 55, 113, 53, 68, 39, 15, 43, 58, 76, 87, 64, 47, 83, 95, 115, 8, 6, 54, -10, 74, 56, 62, 61, 85, 52, 70, 36, 86, 50, 60, 10, 48, 1, 26, 88, 109, -5, 14, 13, 66, 73, -23, 81, 63, 45, 20, 79, -6, 125, 89, 11, 107, 69, 37, 33, 108, -2, 0, 9, 32, 12] <-- Page - 36
[98, 31, 34, 17, 75, 27, 59, 42, 40, 38, 84, 44, 23, 51, 67, 16, 77, 65, 29, 46, 21, 41, 24, 49, 57, 72, 100, 30, 55, 113, 53, 68, 39, 15, 43, 58, 76, 87, 64, 47, 83, 95, 115, 8, 6, 54, -10, 74, 56, 62, 61, 85, 52, 70, 36, 86, 50, 60, 10, 48, 1, 26, 88, 109, -5, 14, 13, 66, 73, -23, 81, 63, 45, 20, 79, -6, 125, 89, 11, 107, 69, 37, 33, 108, -2, 0, 9, 32, 12, 92] <-- Page - 92 | Page Fault Here
[98, 31, 34, 17, 75, 27, 59, 42, 40, 38, 84, 44, 23, 51, 67, 16, 77, 65, 29, 46, 21, 41, 24, 49, 57, 72, 100, 30, 55, 113, 53, 68, 39, 15, 43, 58, 76, 87, 64, 47, 83, 95, 115, 8, 6, 54, -10, 74, 56, 62, 61, 85, 52, 70, 36, 86, 50, 60, 10, 48, 1, 26, 88, 109, -5, 14, 13, 66, 73, -23, 81, 63, 45, 20, 79, -6, 125, 89, 11, 107, 69, 37, 33, 108, -2, 0, 9, 32, 12, 92] <-- Page - 53
[98, 31, 34, 17, 75, 27, 59, 42, 40, 38, 84, 44, 23, 51, 67, 16, 77, 65, 29, 46, 21, 41, 24, 49, 57, 72, 100, 30, 55, 113, 53, 68, 39, 15, 43, 58, 76, 87, 64, 47, 83, 95, 115, 8, 6, 54, -10, 74, 56, 62, 61, 85, 52, 70, 36, 86, 50, 60, 10, 48, 1, 26, 88, 109, -5, 14, 13, 66, 73, -23, 81, 63, 45, 20, 79, -6, 125, 89, 11, 107, 69, 37, 33, 108, -2, 0, 9, 32, 12, 92] <-- Page - 98
[98, 31, 34, 17, 75, 27, 59, 42, 40, 38, 84, 44, 23, 51, 67, 16, 77, 65, 29, 46, 21, 41, 24, 49, 57, 72, 100, 30, 55, 113, 53, 68, 39, 15, 43, 58, 76, 87, 64, 47, 83, 95, 115, 8, 6, 54, -10, 74, 56, 62, 61, 85, 52, 70, 36, 86, 50, 60, 10, 48, 1, 26, 88, 109, -5, 14, 13, 66, 73, -23, 81, 63, 45, 20, 79, -6, 125, 89, 11, 107, 69, 37, 33, 108, -2, 0, 9, 32, 12, 92] <-- Page - 65
[98, 31, 34, 17, 75, 27, 59, 42, 40, 38, 84, 44, 23, 51, 67, 16, 77, 65, 29, 46, 21, 41, 24, 49, 57, 72, 30, 55, 113, 53, 68, 39, 15, 43, 58, 76, 87, 64, 47, 83, 95, 115, 8, 6, 54, -10, 74, 56, 62, 61, 85, 52, 70, 36, 86, 50, 60, 10, 48, 1, 26, 88, 109, -5, 14, 13, 66, 73, -23, 81, 63, 45, 20, 79, -6, 125, 89, 11, 107, 69, 37, 33, 108, -2, 0, 9, 32, 12, 92, 96] <-- Page - 96 | Page Fault Here
[98, 31, 34, 17, 75, 27, 59, 42, 40, 38, 84, 44, 23, 51, 67, 16, 77, 65, 29, 46, 21, 41, 24, 49, 57, 72, 30, 55, 113, 53, 68, 39, 15, 43, 58, 76, 87, 64, 47, 83, 95, 115, 8, 6, 54, -10, 74, 56, 62, 61, 85, 52, 70, 36, 86, 50, 60, 10, 48, 1, 26, 88, 109, -5, 14, 13, 66, 73, -23, 81, 63, 45, 20, 79, -6, 125, 89, 11, 107, 69, 37, 33, 108, -2, 0, 9, 32, 12, 92, 96] <-- Page - 53
[98, 31, 34, 17, 75, 27, 59, 42, 40, 38, 84, 44, 23, 51, 67, 16, 77, 65, 29, 46, 21, 41, 24, 49, 57, 72, 30, 55, 113, 53, 68, 39, 15, 43, 58, 76, 87, 64, 47, 83, 95, 115, 8, 6, 54, -10, 74, 56, 62, 61, 85, 52, 70, 36, 86, 50, 60, 10, 48, 1, 26, 88, 109, -5, 14, 13, 66, 73, -23, 81, 63, 45, 20, 79, -6, 125, 89, 11, 107, 69, 37, 33, 108, -2, 0, 9, 32, 12, 92, 96] <-- Page - 13
[98, 31, 34, 17, 75, 27, 59, 42, 40, 38, 84, 44, 23, 51, 67, 16, 77, 65, 29, 46, 21, 41, 24, 49, 57, 72, 30, 55, 53, 68, 39, 15, 43, 58, 76, 87, 64, 47, 83, 95, 115, 8, 6, 54, -10, 74, 56, 62, 61, 85, 52, 70, 36, 86, 50, 60, 10, 48, 1, 26, 88, 109, -5, 14, 13, 66, 73, -23, 81, 63, 45, 20, 79, -6, 125, 89, 11, 107, 69, 37, 33, 108, -2, 0, 9, 32, 12, 92, 96, 123] <-- Page - 123 | Page Fault Here
[98, 31, 34, 17, 75, 27, 59, 42, 40, 38, 84, 44, 23, 51, 67, 16, 77, 65, 29, 46, 21, 41, 24, 49, 57, 72, 30, 55, 53, 68, 39, 15, 43, 58, 76, 87, 64, 47, 83, 95, 115, 8, 6, 54, -10, 74, 56, 62, 61, 85, 52, 70, 36, 86, 50, 60, 10, 48, 1, 26, 88, 109, -5, 14, 13, 66, 73, -23, 81, 63, 45, 20, 79, -6, 125, 89, 11, 107, 69, 37, 33, 108, -2, 0, 9, 32, 12, 92, 96, 123] <-- Page - 33
[98, 31, 34, 17, 75, 27, 59, 42, 40, 38, 84, 44, 23, 51, 67, 16, 77, 65, 29, 46, 21, 41, 24, 49, 57, 72, 30, 55, 53, 68, 39, 15, 43, 58, 76, 87, 64, 47, 83, 95, 115, 8, 6, 54, -10, 74, 56, 62, 61, 85, 52, 70, 36, 86, 50, 60, 10, 48, 1, 26, 88, 109, -5, 14, 13, 66, 73, -23, 81, 63, 45, 20, 79, -6, 125, 89, 11, 107, 69, 37, 33, 108, -2, 0, 9, 32, 12, 92, 96, 123] <-- Page - 44
[98, 31, 34, 17, 75, 27, 59, 42, 40, 38, 84, 44, 23, 51, 67, 16, 77, 65, 29, 46, 21, 41, 24, 49, 57, 72, 30, 55, 53, 68, 39, 15, 43, 58, 76, 87, 64, 47, 83, 115, 8, 6, 54, -10, 74, 56, 62, 61, 85, 52, 70, 36, 86, 50, 60, 10, 48, 1, 26, 88, 109, -5, 14, 13, 66, 73, -23, 81, 63, 45, 20, 79, -6, 125, 89, 11, 107, 69, 37, 33, 108, -2, 0, 9, 32, 12, 92, 96, 123, 28] <-- Page - 28 | Page Fault Here
[98, 31, 34, 17, 75, 27, 59, 42, 40, 38, 84, 44, 23, 51, 67, 16, 77, 65, 29, 46, 21, 41, 24, 49, 57, 72, 30, 55, 53, 68, 39, 15, 43, 58, 76, 87, 64, 47, 83, 115, 8, 6, 54, -10, 74, 56, 62, 61, 85, 52, 70, 36, 86, 50, 60, 10, 48, 1, 26, 88, 109, -5, 14, 13, 66, 73, -23, 81, 63, 45, 20, 79, -6, 125, 89, 11, 107, 69, 37, 33, 108, -2, 0, 9, 32, 12, 92, 96, 123, 28] <-- Page - 43
[98, 31, 34, 17, 75, 27, 59, 42, 40, 38, 84, 44, 23, 51, 67, 16, 77, 65, 29, 46, 21, 41, 24, 49, 57, 72, 30, 55, 53, 68, 39, 15, 43, 58, 76, 87, 64, 47, 83, 115, 8, 6, 54, -10, 74, 56, 62, 61, 85, 52, 70, 36, 86, 50, 60, 10, 48, 1, 26, 88, 109, -5, 14, 13, 66, 73, -23, 81, 63, 45, 20, 79, -6, 125, 89, 11, 107, 69, 37, 33, 108, -2, 0, 9, 32, 12, 92, 96, 123, 28] <-- Page - 57
[98, 31, 34, 17, 75, 27, 59, 42, 40, 38, 84, 44, 23, 51, 67, 16, 77, 65, 29, 46, 21, 41, 24, 49, 57, 72, 30, 55, 53, 68, 39, 15, 43, 58, 76, 87, 64, 47, 83, 115, 8, 6, 54, -10, 74, 56, 62, 61, 85, 52, 70, 36, 86, 50, 60, 10, 48, 1, 26, 88, 109, -5, 14, 13, 66, 73, -23, 81, 63, 45, 20, 79, -6, 125, 89, 11, 107, 69, 37, 33, 108, -2, 0, 9, 32, 12, 92, 96, 123, 28] <-- Page - 56
[98, 31, 34, 17, 75, 27, 59, 42, 40, 38, 84, 44, 23, 51, 67, 16, 77, 65, 29, 46, 21, 41, 24, 49, 57, 72, 30, 55, 53, 68, 39, 15, 43, 58, 76, 87, 64, 47, 83, 115, 8, 6, 54, -10, 74, 56, 62, 61, 85, 52, 70, 36, 86, 50, 60, 10, 48, 1, 26, 88, 109, -5, 14, 13, 66, 73, -23, 81, 63, 45, 20, 79, -6, 125, 89, 11, 107, 69, 37, 33, 108, -2, 0, 9, 32, 12, 92, 96, 123, 28] <-- Page - 69
[98, 31, 34, 17, 75, 27, 59, 42, 40, 38, 84, 44, 23, 51, 67, 16, 77, 65, 29, 46, 21, 41, 24, 49, 57, 72, 30, 55, 53, 68, 39, 15, 43, 58, 76, 87, 64, 47, 83, 115, 8, 54, -10, 74, 56, 62, 61, 85, 52, 70, 36, 86, 50, 60, 10, 48, 1, 26, 88, 109, -5, 14, 13, 66, 73, -23, 81, 63, 45, 20, 79, -6, 125, 89, 11, 107, 69, 37, 33, 108, -2, 0, 9, 32, 12, 92, 96, 123, 28, 103] <-- Page - 103 | Page Fault Here
[98, 31, 34, 17, 75, 27, 59, 42, 40, 38, 84, 44, 23, 51, 67, 16, 77, 65, 29, 46, 21, 41, 24, 49, 57, 72, 30, 55, 53, 68, 39, 15, 43, 58, 76, 87, 64, 47, 83, 115, 8, 54, -10, 74, 56, 62, 61, 85, 52, 70, 36, 86, 50, 60, 10, 48, 1, 26, 88, 109, -5, 14, 13, 66, 73, -23, 81, 63, 45, 20, 79, -6, 125, 89, 11, 107, 69, 37, 33, 108, -2, 0, 9, 32, 12, 92, 96, 123, 28, 103] <-- Page - 46
[98, 31, 34, 17, 75, 27, 59, 42, 40, 38, 84, 44, 23, 51, 67, 16, 77, 65, 29, 46, 21, 41, 24, 49, 57, 72, 30, 55, 53, 68, 39, 15, 43, 58, 76, 87, 64, 47, 83, 115, 8, 54, -10, 74, 56, 62, 61, 85, 52, 70, 36, 86, 50, 60, 10, 48, 1, 26, 88, 109, -5, 14, 13, 66, 73, -23, 81, 63, 45, 20, 79, -6, 125, 89, 11, 107, 69, 37, 33, 108, -2, 0, 9, 32, 12, 92, 96, 123, 28, 103] <-- Page - 13
[98, 31, 34, 17, 75, 27, 59, 42, 40, 38, 84, 44, 23, 51, 67, 16, 77, 65, 29, 46, 21, 41, 24, 49, 57, 72, 30, 55, 53, 68, 39, 15, 43, 58, 76, 87, 64, 47, 83, 115, 8, 54, -10, 74, 56, 62, 61, 85, 52, 70, 36, 86, 50, 60, 10, 48, 1, 26, 88, 109, -5, 14, 13, 66, 73, -23, 81, 63, 45, 20, 79, -6, 125, 89, 11, 107, 69, 37, 33, 108, -2, 0, 9, 32, 12, 92, 96, 123, 28, 103] <-- Page - 14
[98, 31, 34, 17, 75, 27, 59, 42, 40, 38, 84, 44, 23, 51, 67, 16, 77, 65, 29, 46, 21, 41, 24, 49, 57, 72, 30, 55, 53, 68, 39, 15, 43, 58, 76, 87, 64, 47, 83, 115, 8, 54, -10, 74, 56, 62, 61, 85, 52, 70, 36, 86, 50, 60, 10, 48, 1, 26, 88, 109, -5, 14, 13, 66, 73, -23, 81, 63, 45, 20, 79, -6, 125, 89, 11, 107, 69, 37, 33, 108, -2, 0, 9, 32, 12, 92, 96, 123, 28, 103] <-- Page - 30
[98, 31, 34, 17, 75, 27, 59, 42, 40, 38, 84, 44, 23, 51, 67, 16, 77, 65, 29, 46, 21, 41, 24, 49, 57, 72, 30, 55, 53, 68, 39, 15, 43, 58, 76, 87, 64, 47, 83, 115, 8, 54, -10, 74, 56, 62, 61, 85, 52, 70, 36, 86, 50, 60, 10, 48, 1, 26, 88, 109, -5, 14, 13, 66, 73, -23, 81, 63, 45, 20, 79, -6, 125, 89, 11, 107, 69, 37, 33, 108, -2, 0, 9, 32, 12, 92, 96, 123, 28, 103] <-- Page - 0
[98, 31, 34, 17, 75, 27, 59, 42, 40, 38, 84, 44, 23, 51, 67, 16, 77, 65, 29, 46, 21, 41, 24, 49, 57, 72, 30, 55, 53, 68, 39, 15, 43, 58, 76, 87, 64, 47, 83, 115, 8, 54, -10, 74, 56, 62, 61, 85, 52, 70, 36, 86, 50, 60, 10, 48, 1, 26, 88, 109, -5, 14, 13, 66, 73, -23, 81, 63, 45, 20, 79, -6, 125, 89, 11, 107, 69, 37, 33, 108, -2, 0, 9, 32, 12, 92, 96, 123, 28, 103] <-- Page - 74
[98, 31, 34, 17, 75, 27, 59, 42, 40, 38, 84, 44, 23, 51, 67, 16, 77, 65, 29, 46, 21, 41, 24, 49, 57, 72, 30, 55, 53, 68, 39, 15, 43, 58, 76, 87, 64, 47, 83, 115, 8, 54, 74, 56, 62, 61, 85, 52, 70, 36, 86, 50, 60, 10, 48, 1, 26, 88, 109, -5, 14, 13, 66, 73, -23, 81, 63, 45, 20, 79, -6, 125, 89, 11, 107, 69, 37, 33, 108, -2, 0, 9, 32, 12, 92, 96, 123, 28, 103, 35] <-- Page - 35 | Page Fault Here
[98, 31, 34, 17, 75, 27, 59, 42, 40, 38, 84, 44, 23, 51, 67, 16, 77, 65, 29, 46, 21, 41, 24, 49, 57, 72, 30, 55, 53, 68, 39, 15, 43, 58, 76, 87, 64, 47, 83, 115, 8, 54, 74, 56, 62, 61, 85, 52, 70, 36, 86, 50, 60, 10, 48, 1, 26, 88, 109, -5, 14, 13, 66, 73, -23, 81, 63, 45, 20, 79, -6, 125, 89, 11, 107, 69, 37, 33, 108, -2, 0, 9, 32, 12, 92, 96, 123, 28, 103, 35] <-- Page - 40
[98, 31, 34, 17, 75, 27, 59, 42, 40, 38, 84, 44, 23, 51, 67, 16, 77, 65, 29, 46, 21, 41, 24, 49, 57, 72, 30, 55, 53, 68, 39, 15, 43, 58, 76, 87, 64, 47, 83, 115, 8, 54, 74, 56, 62, 61, 85, 52, 70, 36, 86, 50, 60, 10, 48, 1, 26, 88, 109, -5, 14, 13, 66, 73, -23, 81, 63, 45, 20, 79, -6, 125, 89, 11, 107, 69, 37, 33, 108, -2, 0, 9, 32, 12, 92, 96, 123, 28, 103, 35] <-- Page - 49
[98, 31, 34, 17, 75, 27, 59, 42, 40, 38, 84, 44, 23, 51, 67, 16, 77, 65, 29, 46, 21, 41, 24, 49, 57, 72, 30, 55, 53, 68, 39, 15, 43, 58, 76, 87, 64, 47, 83, 115, 8, 54, 74, 56, 62, 61, 85, 52, 70, 36, 86, 50, 60, 10, 48, 1, 26, 88, 109, -5, 14, 13, 66, 73, -23, 81, 63, 45, 20, 79, -6, 125, 89, 11, 107, 69, 37, 33, 108, -2, 0, 9, 32, 12, 92, 96, 123, 28, 103, 35] <-- Page - 8
[98, 31, 34, 17, 75, 27, 59, 42, 40, 38, 84, 44, 23, 51, 67, 16, 77, 65, 29, 46, 21, 41, 24, 49, 57, 72, 30, 55, 53, 68, 39, 15, 43, 58, 76, 87, 64, 47, 83, 115, 8, 54, 74, 56, 62, 61, 85, 52, 70, 36, 86, 50, 60, 10, 48, 1, 26, 88, 109, -5, 14, 13, 66, 73, -23, 81, 63, 45, 20, 79, -6, 125, 89, 11, 107, 69, 37, 33, 108, -2, 0, 9, 32, 12, 92, 96, 123, 28, 103, 35] <-- Page - 24
[98, 31, 34, 17, 75, 27, 59, 42, 40, 38, 84, 44, 23, 51, 67, 16, 77, 65, 29, 46, 21, 41, 24, 49, 57, 72, 30, 55, 53, 68, 39, 15, 43, 58, 76, 87, 64, 47, 83, 115, 8, 54, 74, 56, 62, 61, 85, 52, 70, 36, 86, 50, 60, 10, 48, 1, 26, 88, 109, -5, 14, 13, 66, 73, -23, 81, 63, 45, 20, 79, -6, 125, 89, 11, 107, 69, 37, 33, 108, -2, 0, 9, 32, 12, 92, 96, 123, 28, 103, 35] <-- Page - 70
[98, 31, 34, 17, 75, 27, 59, 42, 40, 38, 84, 44, 23, 51, 67, 16, 77, 65, 29, 46, 21, 41, 24, 49, 57, 72, 30, 55, 53, 68, 39, 15, 43, 58, 76, 87, 64, 47, 83, 115, 8, 54, 74, 56, 62, 61, 85, 52, 70, 36, 86, 50, 60, 10, 48, 1, 26, 88, 109, -5, 14, 13, 66, 73, -23, 81, 63, 45, 20, 79, -6, 125, 89, 11, 107, 69, 37, 33, 108, -2, 0, 9, 32, 12, 92, 96, 123, 28, 103, 35] <-- Page - 68
[98, 31, 34, 17, 75, 27, 59, 42, 40, 38, 84, 44, 23, 51, 67, 16, 77, 65, 29, 46, 21, 41, 24, 49, 57, 72, 30, 55, 53, 68, 39, 15, 43, 58, 76, 87, 64, 47, 83, 115, 8, 54, 74, 56, 62, 61, 85, 52, 70, 36, 86, 50, 60, 10, 48, 1, 26, 88, 109, -5, 14, 13, 66, 73, -23, 81, 63, 45, 20, 79, -6, 125, 89, 11, 107, 69, 37, 33, 108, -2, 0, 9, 32, 12, 92, 96, 123, 28, 103, 35] <-- Page - 36
[98, 31, 34, 17, 75, 27, 59, 42, 40, 38, 84, 44, 23, 51, 67, 16, 77, 65, 29, 46, 21, 41, 24, 49, 57, 72, 30, 55, 53, 68, 39, 15, 43, 58, 76, 87, 64, 47, 83, 115, 8, 54, 74, 56, 62, 61, 52, 70, 36, 86, 50, 60, 10, 48, 1, 26, 88, 109, -5, 14, 13, 66, 73, -23, 81, 63, 45, 20, 79, -6, 125, 89, 11, 107, 69, 37, 33, 108, -2, 0, 9, 32, 12, 92, 96, 123, 28, 103, 35, 104] <-- Page - 104 | Page Fault Here
[98, 31, 34, 17, 75, 27, 59, 42, 40, 38, 84, 44, 23, 51, 67, 16, 77, 65, 29, 46, 21, 41, 24, 49, 57, 72, 30, 55, 53, 68, 39, 15, 43, 58, 76, 87, 64, 47, 83, 115, 8, 54, 74, 56, 62, 61, 52, 70, 36, 86, 50, 60, 10, 48, 1, 26, 88, 109, -5, 14, 13, 66, 73, -23, 81, 63, 45, 20, 79, -6, 125, 89, 11, 107, 69, 37, 33, 108, -2, 0, 9, 32, 12, 92, 96, 123, 28, 103, 35, 104] <-- Page - 10
[98, 31, 34, 17, 75, 27, 59, 42, 40, 38, 84, 44, 23, 51, 67, 16, 77, 65, 29, 46, 21, 41, 24, 49, 57, 72, 30, 55, 53, 68, 39, 15, 43, 58, 76, 87, 64, 47, 83, 115, 8, 54, 74, 56, 62, 61, 52, 70, 36, 86, 50, 60, 10, 48, 1, 26, 88, 109, -5, 14, 13, 66, 73, -23, 81, 63, 45, 20, 79, -6, 125, 89, 11, 107, 69, 37, 33, 108, -2, 0, 9, 32, 12, 92, 96, 123, 28, 103, 35, 104] <-- Page - 39
[98, 31, 34, 17, 75, 27, 59, 42, 40, 38, 84, 44, 23, 51, 67, 16, 77, 65, 29, 46, 21, 41, 24, 49, 57, 72, 30, 55, 53, 68, 39, 15, 43, 58, 76, 87, 64, 47, 83, 115, 8, 54, 74, 56, 62, 61, 52, 70, 36, 86, 50, 60, 10, 48, 1, 26, 88, 109, -5, 14, 13, 66, 73, -23, 81, 63, 45, 20, 79, -6, 125, 89, 11, 107, 69, 37, 33, 108, -2, 0, 9, 32, 12, 92, 96, 123, 28, 103, 35, 104] <-- Page - 43
[98, 31, 34, 17, 75, 27, 59, 42, 40, 38, 84, 44, 23, 51, 67, 16, 77, 65, 29, 46, 21, 41, 24, 49, 57, 72, 30, 55, 53, 68, 39, 15, 43, 58, 76, 87, 64, 47, 83, 115, 8, 54, 74, 56, 62, 61, 52, 70, 36, 50, 60, 10, 48, 1, 26, 88, 109, -5, 14, 13, 66, 73, -23, 81, 63, 45, 20, 79, -6, 125, 89, 11, 107, 69, 37, 33, 108, -2, 0, 9, 32, 12, 92, 96, 123, 28, 103, 35, 104, -33] <-- Page - -33 | Page Fault Here
[98, 31, 34, 17, 75, 27, 59, 42, 40, 38, 84, 44, 23, 51, 67, 16, 77, 65, 29, 46, 21, 41, 24, 49, 57, 72, 30, 55, 53, 68, 39, 15, 43, 58, 76, 87, 64, 47, 83, 115, 8, 54, 74, 56, 62, 61, 52, 70, 36, 50, 60, 10, 48, 1, 26, 88, 109, -5, 14, 13, 66, 73, -23, 81, 63, 45, 20, 79, -6, 125, 89, 11, 107, 69, 37, 33, 108, -2, 0, 9, 32, 12, 92, 96, 123, 28, 103, 35, 104, -33] <-- Page - 108
[98, 31, 34, 17, 75, 27, 59, 42, 40, 38, 84, 44, 23, 51, 67, 16, 77, 65, 29, 46, 21, 41, 24, 49, 57, 72, 30, 55, 53, 68, 39, 15, 43, 58, 76, 87, 64, 47, 83, 115, 8, 54, 74, 56, 62, 61, 52, 70, 36, 50, 60, 10, 48, 1, 26, 88, 109, -5, 14, 13, 66, 73, -23, 81, 63, 45, 20, 79, -6, 125, 89, 11, 107, 69, 37, 33, 108, -2, 0, 9, 32, 12, 92, 96, 123, 28, 103, 35, 104, -33] <-- Page - 60
[98, 31, 34, 17, 75, 27, 59, 42, 40, 38, 84, 44, 23, 51, 67, 16, 77, 65, 29, 46, 21, 41, 24, 49, 57, 72, 30, 55, 53, 68, 39, 15, 43, 58, 76, 87, 64, 47, 83, 115, 8, 54, 74, 56, 62, 61, 52, 70, 36, 50, 60, 10, 1, 26, 88, 109, -5, 14, 13, 66, 73, -23, 81, 63, 45, 20, 79, -6, 125, 89, 11, 107, 69, 37, 33, 108, -2, 0, 9, 32, 12, 92, 96, 123, 28, 103, 35, 104, -33, 18] <-- Page - 18 | Page Fault Here
[98, 31, 34, 17, 75, 27, 59, 42, 40, 38, 84, 44, 23, 51, 67, 16, 77, 65, 29, 46, 21, 41, 24, 49, 57, 72, 30, 55, 53, 68, 39, 15, 43, 58, 76, 87, 64, 47, 83, 115, 8, 54, 74, 56, 62, 61, 52, 70, 36, 50, 60, 10, 1, 88, 109, -5, 14, 13, 66, 73, -23, 81, 63, 45, 20, 79, -6, 125, 89, 11, 107, 69, 37, 33, 108, -2, 0, 9, 32, 12, 92, 96, 123, 28, 103, 35, 104, -33, 18, 111] <-- Page - 111 | Page Fault Here
[98, 31, 34, 17, 75, 27, 59, 42, 40, 38, 84, 44, 23, 51, 67, 16, 77, 65, 29, 46, 21, 41, 24, 49, 57, 72, 30, 55, 53, 68, 39, 15, 43, 58, 76, 87, 64, 47, 83, 115, 8, 54, 74, 56, 62, 61, 52, 70, 36, 50, 60, 10, 1, 88, 109, -5, 14, 13, 66, 73, -23, 81, 63, 45, 20, 79, -6, 125, 89, 11, 107, 69, 37, 33, 108, -2, 0, 9, 32, 12, 92, 96, 123, 28, 103, 35, 104, -33, 18, 111] <-- Page - 67
[98, 31, 34, 17, 75, 27, 59, 42, 40, 38, 84, 44, 23, 51, 67, 16, 77, 65, 29, 46, 21, 41, 24, 49, 57, 72, 30, 55, 53, 68, 39, 15, 43, 58, 76, 87, 64, 47, 83, 115, 8, 54, 74, 56, 62, 61, 52, 70, 36, 50, 60, 10, 1, 88, 109, -5, 14, 13, 66, 73, -23, 81, 63, 45, 20, 79, -6, 125, 89, 11, 107, 69, 37, 33, 108, -2, 0, 9, 32, 12, 92, 96, 123, 28, 103, 35, 104, -33, 18, 111] <-- Page - 62
[98, 31, 34, 17, 75, 27, 59, 42, 40, 38, 84, 44, 23, 51, 67, 16, 77, 65, 29, 46, 21, 41, 24, 49, 57, 72, 30, 55, 53, 68, 39, 15, 43, 58, 76, 87, 64, 47, 83, 115, 8, 54, 74, 56, 62, 61, 52, 70, 36, 50, 60, 10, 1, 88, 109, -5, 14, 13, 66, 73, -23, 81, 63, 45, 20, 79, -6, 125, 89, 11, 107, 69, 37, 33, 108, -2, 0, 9, 32, 12, 92, 96, 123, 28, 103, 35, 104, -33, 18, 111] <-- Page - 31
[98, 31, 34, 17, 75, 27, 59, 42, 40, 38, 84, 44, 23, 51, 67, 16, 77, 65, 29, 46, 21, 41, 24, 49, 57, 72, 30, 55, 53, 68, 39, 15, 43, 58, 76, 87, 64, 47, 83, 115, 8, 54, 74, 56, 62, 61, 52, 70, 36, 50, 60, 10, 1, 88, 109, -5, 14, 13, 66, 73, -23, 81, 63, 45, 20, 79, -6, 125, 89, 11, 107, 69, 37, 33, 108, -2, 0, 9, 32, 12, 92, 96, 123, 28, 103, 35, 104, -33, 18, 111] <-- Page - 53
[98, 31, 34, 17, 75, 27, 59, 42, 40, 38, 84, 44, 23, 51, 67, 16, 77, 65, 29, 46, 21, 41, 24, 49, 57, 72, 30, 55, 53, 68, 39, 15, 43, 58, 76, 87, 64, 47, 83, 115, 8, 54, 74, 56, 62, 61, 52, 70, 36, 50, 60, 10, 1, 88, -5, 14, 13, 66, 73, -23, 81, 63, 45, 20, 79, -6, 125, 89, 11, 107, 69, 37, 33, 108, -2, 0, 9, 32, 12, 92, 96, 123, 28, 103, 35, 104, -33, 18, 111, 4] <-- Page - 4 | Page Fault Here
[98, 31, 34, 17, 75, 27, 59, 42, 40, 38, 84, 44, 23, 51, 67, 16, 77, 65, 29, 46, 21, 41, 24, 49, 57, 72, 30, 55, 53, 68, 39, 15, 43, 58, 76, 87, 64, 47, 83, 115, 8, 54, 74, 56, 62, 61, 52, 70, 36, 50, 60, 10, 1, 88, -5, 14, 13, 66, 73, -23, 81, 63, 45, 20, 79, -6, 125, 89, 11, 107, 69, 37, 33, 108, -2, 0, 9, 32, 12, 92, 96, 123, 28, 103, 35, 104, -33, 18, 111, 4] <-- Page - 73
[98, 31, 34, 17, 75, 27, 59, 42, 40, 38, 84, 44, 23, 51, 67, 16, 77, 65, 29, 46, 21, 41, 24, 49, 57, 72, 30, 55, 53, 68, 39, 15, 43, 58, 76, 87, 64, 47, 83, 115, 8, 54, 74, 56, 62, 61, 52, 70, 36, 50, 60, 10, 1, 88, -5, 14, 13, 66, 73, -23, 81, 63, 45, 20, 79, -6, 125, 89, 11, 107, 69, 37, 33, 108, -2, 0, 9, 32, 12, 92, 96, 123, 28, 103, 35, 104, -33, 18, 111, 4] <-- Page - 38
[98, 31, 34, 17, 75, 27, 59, 42, 40, 38, 84, 44, 23, 51, 67, 16, 77, 65, 29, 46, 21, 41, 24, 49, 57, 72, 30, 55, 53, 68, 39, 15, 43, 58, 76, 87, 64, 47, 83, 115, 8, 54, 74, 56, 62, 61, 52, 70, 36, 50, 60, 10, 1, 88, -5, 14, 13, 66, 73, -23, 81, 63, 45, 20, 79, -6, 125, 89, 11, 107, 69, 37, 33, 108, -2, 0, 9, 32, 12, 92, 96, 123, 28, 103, 35, 104, -33, 18, 111, 4] <-- Page - 54
[98, 31, 34, 17, 75, 27, 59, 42, 40, 38, 84, 44, 23, 51, 67, 16, 77, 65, 29, 46, 21, 41, 24, 49, 57, 72, 30, 55, 53, 68, 39, 15, 43, 58, 76, 87, 64, 47, 83, 115, 8, 54, 74, 56, 62, 61, 52, 70, 36, 50, 60, 10, 1, 88, 14, 13, 66, 73, -23, 81, 63, 45, 20, 79, -6, 125, 89, 11, 107, 69, 37, 33, 108, -2, 0, 9, 32, 12, 92, 96, 123, 28, 103, 35, 104, -33, 18, 111, 4, 86] <-- Page - 86 | Page Fault Here
[98, 31, 34, 17, 75, 27, 59, 42, 40, 38, 84, 44, 23, 51, 67, 16, 77, 65, 29, 46, 21, 41, 24, 49, 57, 72, 30, 55, 53, 68, 39, 15, 43, 58, 76, 87, 64, 47, 83, 115, 8, 54, 74, 56, 62, 61, 52, 70, 36, 50, 60, 10, 1, 88, 14, 13, 66, 73, -23, 81, 63, 45, 20, 79, -6, 125, 89, 11, 107, 69, 37, 33, 108, -2, 0, 9, 32, 12, 92, 96, 123, 28, 103, 35, 104, -33, 18, 111, 4, 86] <-- Page - 58
[98, 31, 34, 17, 75, 27, 59, 42, 40, 38, 84, 44, 23, 51, 67, 16, 77, 65, 29, 46, 21, 41, 24, 49, 57, 72, 30, 55, 53, 68, 39, 15, 43, 58, 76, 87, 64, 47, 83, 115, 8, 54, 74, 56, 62, 61, 52, 70, 36, 50, 60, 10, 1, 88, 14, 13, 66, 73, -23, 81, 63, 45, 20, 79, -6, 125, 89, 11, 107, 69, 37, 33, 108, -2, 0, 9, 32, 12, 92, 96, 123, 28, 103, 35, 104, -33, 18, 111, 4, 86] <-- Page - 57
[98, 31, 34, 17, 75, 27, 59, 42, 40, 38, 84, 44, 23, 51, 67, 16, 77, 65, 29, 46, 21, 41, 24, 49, 57, 72, 30, 55, 53, 68, 39, 15, 43, 58, 76, 87, 64, 47, 83, 115, 8, 54, 74, 56, 62, 61, 52, 70, 36, 50, 60, 10, 1, 88, 14, 13, 66, 73, -23, 81, 63, 45, 20, 79, -6, 125, 89, 11, 107, 69, 37, 33, 108, -2, 0, 9, 32, 12, 92, 96, 123, 28, 103, 35, 104, -33, 18, 111, 4, 86] <-- Page - 58
[98, 31, 34, 17, 75, 27, 59, 42, 40, 38, 84, 44, 23, 51, 67, 16, 77, 65, 29, 46, 21, 41, 24, 49, 57, 72, 30, 55, 53, 68, 39, 15, 43, 58, 76, 87, 64, 47, 83, 115, 8, 54, 74, 56, 62, 61, 52, 70, 36, 50, 60, 10, 1, 88, 14, 13, 66, 73, -23, 81, 63, 45, 20, 79, -6, 125, 89, 11, 107, 69, 37, 33, 108, -2, 0, 9, 32, 12, 92, 96, 123, 28, 103, 35, 104, -33, 18, 111, 4, 86] <-- Page - 28
[98, 31, 34, 17, 75, 27, 59, 42, 40, 38, 84, 44, 23, 51, 67, 16, 77, 65, 29, 46, 21, 41, 24, 49, 57, 72, 30, 55, 53, 68, 39, 15, 43, 58, 76, 87, 64, 47, 83, 115, 8, 54, 74, 56, 62, 61, 52, 70, 36, 50, 60, 10, 1, 88, 14, 13, 66, 73, -23, 81, 63, 45, 20, 79, -6, 125, 89, 11, 107, 69, 37, 33, 108, -2, 0, 9, 32, 12, 92, 96, 123, 28, 103, 35, 104, -33, 18, 111, 4, 86] <-- Page - 75
[98, 31, 34, 17, 75, 27, 59, 42, 40, 38, 84, 44, 23, 51, 67, 16, 77, 65, 29, 46, 21, 41, 24, 49, 57, 72, 30, 55, 53, 68, 39, 15, 43, 58, 76, 87, 64, 47, 83, 115, 8, 54, 74, 56, 62, 61, 52, 70, 36, 50, 60, 10, 1, 88, 14, 13, 66, 73, -23, 81, 63, 45, 20, 79, -6, 125, 89, 11, 107, 69, 37, 33, 108, -2, 0, 9, 32, 12, 92, 96, 123, 28, 103, 35, 104, -33, 18, 111, 4, 86] <-- Page - 96
[98, 31, 34, 17, 75, 27, 59, 42, 40, 38, 84, 44, 23, 51, 67, 16, 77, 65, 29, 46, 21, 41, 24, 49, 57, 72, 30, 55, 53, 68, 39, 15, 43, 58, 76, 87, 64, 47, 83, 115, 8, 54, 74, 56, 62, 61, 52, 70, 36, 50, 60, 10, 1, 88, 14, 13, 66, 73, -23, 81, 63, 45, 20, 79, -6, 125, 89, 11, 107, 69, 37, 33, 108, -2, 0, 9, 32, 12, 92, 96, 123, 28, 103, 35, 104, -33, 18, 111, 4, 86] <-- Page - 72
[98, 31, 34, 17, 75, 27, 59, 42, 40, 38, 84, 44, 23, 51, 67, 16, 77, 65, 29, 46, 21, 41, 24, 49, 57, 72, 30, 55, 53, 68, 39, 15, 43, 58, 76, 87, 64, 47, 83, 115, 8, 54, 74, 56, 62, 61, 52, 70, 36, 50, 60, 10, 1, 88, 14, 13, 66, 73, -23, 81, 63, 45, 20, 79, -6, 125, 89, 11, 107, 69, 37, 33, 108, -2, 0, 9, 32, 12, 92, 96, 123, 28, 103, 35, 104, -33, 18, 111, 4, 86] <-- Page - 76
[98, 31, 34, 17, 75, 27, 59, 42, 40, 38, 84, 44, 23, 51, 67, 16, 77, 65, 29, 46, 21, 41, 24, 49, 57, 72, 30, 55, 53, 68, 39, 15, 43, 58, 76, 87, 64, 47, 83, 115, 8, 54, 74, 56, 62, 61, 52, 70, 36, 50, 60, 10, 1, 88, 14, 13, 66, 73, -23, 81, 63, 45, 20, 79, -6, 125, 89, 11, 107, 69, 37, 33, 108, -2, 0, 9, 32, 12, 92, 96, 123, 28, 103, 35, 104, -33, 18, 111, 4, 86] <-- Page - 23
[98, 31, 34, 17, 75, 27, 59, 42, 40, 38, 84, 44, 23, 51, 67, 16, 77, 65, 29, 46, 21, 41, 24, 49, 57, 72, 30, 55, 53, 68, 39, 15, 43, 58, 76, 87, 64, 47, 83, 115, 8, 54, 74, 56, 62, 61, 52, 70, 36, 50, 60, 10, 1, 88, 14, 13, 66, 73, -23, 81, 63, 45, 20, 79, -6, 125, 89, 11, 107, 69, 37, 33, 108, -2, 0, 9, 32, 12, 92, 96, 123, 28, 103, 35, 104, -33, 18, 111, 4, 86] <-- Page - 23
[98, 31, 34, 17, 75, 27, 59, 42, 40, 38, 84, 44, 23, 51, 67, 16, 77, 65, 29, 46, 21, 41, 24, 49, 57, 72, 30, 55, 53, 68, 39, 15, 43, 58, 76, 87, 64, 47, 83, 115, 8, 54, 74, 56, 62, 61, 52, 70, 36, 50, 60, 10, 1, 88, 14, 13, 66, 73, 81, 63, 45, 20, 79, -6, 125, 89, 11, 107, 69, 37, 33, 108, -2, 0, 9, 32, 12, 92, 96, 123, 28, 103, 35, 104, -33, 18, 111, 4, 86, 6] <-- Page - 6 | Page Fault Here
[98, 31, 34, 17, 75, 27, 59, 42, 40, 38, 84, 44, 23, 51, 67, 16, 77, 65, 29, 46, 21, 41, 24, 49, 57, 72, 30, 55, 53, 68, 39, 15, 43, 58, 76, 87, 64, 47, 83, 115, 8, 54, 74, 56, 62, 61, 52, 70, 36, 50, 60, 10, 1, 88, 14, 13, 66, 73, 81, 63, 45, 20, 79, -6, 125, 89, 11, 107, 69, 37, 33, 108, -2, 0, 9, 32, 12, 92, 96, 123, 28, 103, 35, 104, -33, 18, 111, 4, 86, 6] <-- Page - 86
[98, 31, 34, 17, 75, 27, 59, 42, 40, 38, 84, 44, 23, 51, 67, 16, 77, 65, 29, 46, 21, 41, 24, 49, 57, 72, 30, 55, 53, 68, 39, 15, 43, 58, 76, 87, 64, 47, 83, 115, 8, 54, 74, 56, 62, 61, 52, 70, 36, 50, 60, 10, 1, 88, 14, 13, 66, 73, 81, 63, 45, 20, 79, -6, 125, 89, 11, 107, 69, 37, 33, 108, -2, 0, 9, 32, 12, 92, 96, 123, 28, 103, 35, 104, -33, 18, 111, 4, 86, 6] <-- Page - 42
[98, 31, 34, 17, 75, 27, 59, 42, 40, 38, 84, 44, 23, 51, 67, 16, 77, 65, 29, 46, 21, 41, 24, 49, 57, 72, 30, 55, 53, 68, 39, 15, 43, 58, 76, 87, 64, 47, 83, 115, 8, 54, 74, 56, 62, 61, 52, 70, 36, 50, 60, 10, 1, 88, 14, 13, 66, 73, 81, 45, 20, 79, -6, 125, 89, 11, 107, 69, 37, 33, 108, -2, 0, 9, 32, 12, 92, 96, 123, 28, 103, 35, 104, -33, 18, 111, 4, 86, 6, 91] <-- Page - 91 | Page Fault Here
[98, 31, 34, 17, 75, 27, 59, 42, 40, 38, 84, 44, 23, 51, 67, 16, 77, 65, 29, 46, 21, 41, 24, 49, 57, 72, 30, 55, 53, 68, 39, 15, 43, 58, 76, 87, 64, 47, 83, 115, 8, 54, 74, 56, 62, 61, 52, 70, 36, 50, 60, 10, 1, 88, 14, 13, 66, 73, 81, 20, 79, -6, 125, 89, 11, 107, 69, 37, 33, 108, -2, 0, 9, 32, 12, 92, 96, 123, 28, 103, 35, 104, -33, 18, 111, 4, 86, 6, 91, 26] <-- Page - 26 | Page Fault Here
[98, 31, 34, 17, 75, 27, 59, 42, 40, 38, 84, 44, 23, 51, 67, 16, 77, 65, 29, 46, 21, 41, 24, 49, 57, 72, 30, 55, 53, 68, 39, 15, 43, 58, 76, 87, 64, 47, 83, 115, 8, 54, 74, 56, 62, 61, 52, 70, 36, 50, 60, 10, 1, 88, 14, 13, 66, 73, 81, 20, 79, -6, 125, 89, 11, 107, 69, 37, 33, 108, -2, 0, 9, 32, 12, 92, 96, 123, 28, 103, 35, 104, -33, 18, 111, 4, 86, 6, 91, 26] <-- Page - 36
[98, 31, 34, 17, 75, 27, 59, 42, 40, 38, 84, 44, 23, 51, 67, 16, 77, 65, 29, 46, 21, 41, 24, 49, 57, 72, 30, 55, 53, 68, 39, 15, 43, 58, 76, 87, 64, 47, 83, 115, 8, 54, 74, 56, 62, 61, 52, 70, 36, 50, 60, 10, 1, 88, 14, 13, 66, 73, 81, 20, 79, -6, 125, 89, 11, 107, 69, 37, 33, 108, -2, 0, 9, 32, 12, 92, 96, 123, 28, 103, 35, 104, -33, 18, 111, 4, 86, 6, 91, 26] <-- Page - 52
[98, 31, 34, 17, 75, 27, 59, 42, 40, 38, 84, 44, 23, 51, 67, 16, 77, 65, 29, 46, 21, 41, 24, 49, 57, 72, 30, 55, 53, 68, 39, 15, 43, 58, 76, 87, 64, 47, 83, 115, 8, 54, 74, 56, 62, 61, 52, 70, 36, 50, 60, 10, 1, 88, 14, 13, 66, 73, 81, 20, 79, -6, 125, 89, 11, 107, 69, 37, 33, 108, -2, 0, 9, 32, 12, 92, 96, 123, 28, 103, 35, 104, -33, 18, 111, 4, 86, 6, 91, 26] <-- Page - 77
[98, 31, 34, 17, 75, 27, 59, 42, 40, 38, 84, 44, 23, 51, 67, 16, 77, 65, 29, 46, 21, 41, 24, 49, 57, 72, 30, 55, 53, 68, 39, 15, 43, 58, 76, 87, 64, 47, 83, 115, 8, 54, 74, 56, 62, 61, 52, 70, 36, 50, 60, 10, 1, 88, 14, 13, 66, 73, 81, 20, 79, -6, 125, 89, 11, 107, 69, 37, 33, 108, -2, 0, 9, 32, 12, 92, 96, 123, 28, 103, 35, 104, -33, 18, 111, 4, 86, 6, 91, 26] <-- Page - 51
[98, 31, 34, 17, 75, 27, 59, 42, 40, 38, 84, 44, 23, 51, 67, 16, 77, 65, 29, 46, 21, 41, 24, 49, 57, 72, 30, 55, 53, 68, 39, 15, 43, 58, 76, 87, 64, 47, 83, 115, 8, 54, 74, 56, 62, 61, 52, 70, 36, 50, 60, 10, 1, 88, 14, 13, 66, 73, 81, 20, 79, -6, 125, 89, 11, 107, 69, 37, 33, 108, -2, 0, 9, 32, 12, 92, 96, 123, 28, 103, 35, 104, -33, 18, 111, 4, 86, 6, 91, 26] <-- Page - 56
[98, 31, 34, 17, 75, 27, 59, 42, 40, 38, 84, 44, 23, 51, 67, 16, 77, 65, 29, 46, 21, 41, 24, 49, 57, 72, 30, 55, 53, 68, 39, 15, 43, 58, 76, 87, 64, 47, 83, 115, 8, 54, 74, 56, 62, 61, 52, 70, 36, 50, 60, 10, 1, 88, 14, 13, 66, 73, 81, 20, 79, -6, 125, 89, 11, 107, 69, 37, 33, 108, -2, 0, 9, 32, 12, 92, 96, 123, 28, 103, 35, 104, -33, 18, 111, 4, 86, 6, 91, 26] <-- Page - 50
[98, 31, 34, 17, 75, 27, 59, 42, 40, 38, 84, 44, 23, 51, 67, 16, 77, 65, 29, 46, 21, 41, 24, 49, 57, 72, 30, 55, 53, 68, 39, 15, 43, 58, 76, 87, 64, 47, 83, 115, 8, 54, 74, 56, 62, 61, 52, 70, 36, 50, 60, 10, 1, 88, 14, 13, 66, 73, 81, 20, 79, -6, 125, 89, 11, 107, 69, 37, 33, 108, -2, 0, 9, 32, 12, 92, 96, 123, 28, 103, 35, 104, -33, 18, 111, 4, 86, 6, 91, 26] <-- Page - 55
[98, 31, 34, 17, 75, 27, 59, 42, 40, 38, 84, 44, 23, 51, 67, 16, 77, 65, 29, 46, 21, 41, 24, 49, 57, 72, 30, 55, 53, 68, 39, 15, 43, 58, 76, 87, 64, 47, 83, 115, 8, 54, 74, 56, 62, 61, 52, 70, 36, 50, 60, 10, 1, 88, 14, 13, 66, 73, 81, 20, 79, -6, 125, 89, 11, 107, 69, 37, 33, 108, -2, 0, 9, 32, 12, 92, 96, 123, 28, 103, 35, 104, -33, 18, 111, 4, 86, 6, 91, 26] <-- Page - 16
[98, 31, 34, 17, 75, 27, 59, 42, 40, 38, 84, 44, 23, 51, 67, 16, 77, 65, 29, 46, 21, 41, 24, 49, 57, 72, 30, 55, 53, 68, 39, 15, 43, 58, 76, 87, 64, 47, 83, 115, 8, 54, 74, 56, 62, 61, 52, 70, 36, 50, 60, 10, 1, 88, 14, 13, 66, 73, 81, 20, 79, -6, 125, 89, 11, 107, 69, 37, 33, 108, -2, 0, 9, 32, 12, 92, 96, 123, 28, 103, 35, 104, -33, 18, 111, 4, 86, 6, 91, 26] <-- Page - 52
[98, 31, 34, 17, 75, 27, 59, 42, 40, 38, 84, 44, 23, 51, 67, 16, 77, 65, 29, 46, 21, 41, 24, 49, 57, 72, 30, 55, 53, 68, 39, 15, 43, 58, 76, 87, 64, 47, 83, 115, 8, 54, 74, 56, 62, 61, 52, 70, 36, 50, 60, 10, 1, 88, 14, 13, 66, 73, 81, 20, 79, -6, 125, 89, 11, 107, 69, 37, 33, 108, -2, 0, 9, 32, 12, 92, 96, 123, 28, 103, 35, 104, -33, 18, 111, 4, 86, 6, 91, 26] <-- Page - 44
[98, 31, 34, 17, 75, 27, 59, 42, 40, 38, 84, 44, 23, 51, 67, 16, 77, 65, 29, 46, 21, 41, 24, 49, 57, 72, 30, 55, 53, 68, 39, 15, 43, 58, 76, 87, 64, 47, 83, 115, 8, 54, 74, 56, 62, 61, 52, 70, 36, 50, 60, 10, 1, 88, 14, 13, 66, 73, 81, 79, -6, 125, 89, 11, 107, 69, 37, 33, 108, -2, 0, 9, 32, 12, 92, 96, 123, 28, 103, 35, 104, -33, 18, 111, 4, 86, 6, 91, 26, 48] <-- Page - 48 | Page Fault Here
[98, 31, 34, 17, 75, 27, 59, 42, 40, 38, 84, 44, 23, 51, 67, 16, 77, 65, 29, 46, 21, 41, 24, 49, 57, 72, 30, 55, 53, 68, 39, 15, 43, 58, 76, 87, 64, 47, 83, 115, 8, 54, 74, 56, 62, 61, 52, 70, 36, 50, 60, 10, 1, 88, 14, 13, 66, 73, 81, 79, -6, 125, 89, 11, 107, 69, 37, 33, 108, -2, 0, 9, 32, 12, 92, 96, 123, 28, 103, 35, 104, -33, 18, 111, 4, 86, 6, 91, 26, 48] <-- Page - 64
[98, 31, 34, 17, 75, 27, 59, 42, 40, 38, 84, 44, 23, 51, 67, 16, 77, 65, 29, 46, 21, 41, 24, 49, 57, 72, 30, 55, 53, 68, 39, 15, 43, 58, 76, 87, 64, 47, 83, 115, 8, 54, 74, 56, 62, 61, 52, 70, 36, 50, 60, 10, 1, 88, 14, 13, 66, 73, 81, 79, -6, 125, 89, 11, 107, 69, 37, 33, 108, -2, 0, 9, 32, 12, 92, 96, 123, 28, 103, 35, 104, -33, 18, 111, 4, 86, 6, 91, 26, 48] <-- Page - 29
[98, 31, 34, 17, 75, 27, 59, 42, 40, 38, 84, 44, 23, 51, 67, 16, 77, 65, 29, 46, 21, 41, 24, 49, 57, 72, 30, 55, 53, 68, 39, 15, 43, 58, 76, 87, 64, 47, 83, 115, 8, 54, 74, 56, 62, 61, 52, 70, 36, 50, 60, 10, 1, 88, 14, 13, 66, 73, 81, 79, -6, 125, 89, 11, 107, 69, 37, 33, 108, -2, 0, 9, 32, 12, 92, 96, 123, 28, 103, 35, 104, -33, 18, 111, 4, 86, 6, 91, 26, 48] <-- Page - 47
[98, 31, 34, 17, 75, 27, 59, 42, 40, 38, 84, 44, 23, 51, 67, 16, 77, 65, 29, 46, 21, 41, 24, 49, 57, 72, 30, 55, 53, 68, 39, 15, 43, 58, 76, 87, 64, 47, 83, 115, 8, 54, 74, 56, 62, 61, 52, 70, 36, 50, 60, 10, 1, 88, 14, 13, 66, 73, 81, 79, -6, 125, 89, 11, 107, 69, 37, 33, 108, -2, 0, 9, 32, 12, 92, 96, 123, 28, 103, 35, 104, -33, 18, 111, 4, 86, 6, 91, 26, 48] <-- Page - 41
[98, 31, 34, 17, 75, 27, 59, 42, 40, 38, 84, 44, 23, 51, 67, 16, 77, 65, 29, 46, 21, 41, 24, 49, 57, 72, 30, 55, 53, 68, 39, 15, 43, 58, 76, 87, 64, 47, 83, 115, 8, 54, 74, 56, 62, 61, 52, 70, 36, 50, 60, 10, 1, 88, 14, 13, 66, 73, 81, 79, -6, 125, 89, 11, 107, 69, 37, 33, 108, -2, 0, 9, 32, 12, 92, 96, 123, 28, 103, 35, 104, -33, 18, 111, 4, 86, 6, 91, 26, 48] <-- Page - 62
[98, 31, 34, 17, 75, 27, 59, 42, 40, 38, 84, 44, 23, 51, 67, 16, 77, 65, 29, 46, 21, 41, 24, 49, 57, 72, 30, 55, 53, 68, 39, 15, 43, 58, 76, 87, 64, 47, 83, 115, 8, 54, 74, 56, 62, 61, 52, 70, 36, 50, 60, 10, 1, 88, 14, 13, 66, 73, 81, 79, -6, 125, 89, 11, 107, 69, 37, 33, 108, -2, 0, 9, 32, 12, 92, 96, 123, 28, 103, 35, 104, -33, 18, 111, 4, 86, 6, 91, 26, 48] <-- Page - 73
[98, 31, 34, 17, 75, 27, 59, 42, 40, 38, 84, 44, 23, 51, 67, 16, 77, 65, 29, 46, 21, 41, 24, 49, 57, 72, 30, 55, 53, 68, 39, 15, 43, 58, 76, 87, 64, 47, 83, 115, 8, 54, 74, 56, 62, 61, 52, 70, 36, 50, 60, 10, 1, 88, 14, 13, 66, 73, 81, 79, -6, 125, 89, 11, 107, 69, 37, 33, 108, -2, 0, 9, 32, 12, 92, 96, 123, 28, 103, 35, 104, -33, 18, 111, 4, 86, 6, 91, 26, 48] <-- Page - 21
[98, 31, 34, 17, 75, 27, 59, 42, 40, 38, 84, 44, 23, 51, 67, 16, 77, 65, 29, 46, 21, 41, 24, 49, 57, 72, 30, 55, 53, 68, 39, 15, 43, 58, 76, 87, 64, 47, 83, 115, 8, 54, 74, 56, 62, 61, 52, 70, 36, 50, 60, 10, 1, 88, 14, 13, 66, 73, 81, 79, -6, 125, 89, 11, 107, 69, 37, 33, 108, -2, 0, 9, 32, 12, 92, 96, 123, 28, 103, 35, 104, -33, 18, 111, 4, 86, 6, 91, 26, 48] <-- Page - 67
------------------------------------------------------------
