# seed = 1 mean = 50 standard_deviation = 3 number_of_pages = 300
Capacity of LSU = 90
------------------------------------------------------------
Page Faults = 17
Page Hits = 283
------------------------------------------------------------
[54] <-- Page - 54 | Page Fault Here
[54, 48] <-- Page - 48 | Page Fault Here
[54, 48] <-- Page - 48
[54, 48, 46] <-- Page - 46 | Page Fault Here
[54, 48, 46, 52] <-- Page - 52 | Page Fault Here
[54, 48, 46, 52, 43] <-- Page - 43 | Page Fault Here
[54, 48, 46, 52, 43, 55] <-- Page - 55 | Page Fault Here
[54, 48, 46, 52, 43, 55, 47] <-- Page - 47 | Page Fault Here
[54, 48, 46, 52, 43, 55, 47, 50] <-- Page - 50 | Page Fault Here
[54, 48, 46, 52, 43, 55, 47, 50, 49] <-- Page - 49 | Page Fault Here
[54, 48, 46, 52, 43, 55, 47, 50, 49] <-- Page - 54
[54, 48, 46, 52, 43, 55, 47, 50, 49] <-- Page - 43
[54, 48, 46, 52, 43, 55, 47, 50, 49] <-- Page - 49
[54, 48, 46, 52, 43, 55, 47, 50, 49] <-- Page - 48
[54, 48, 46, 52, 43, 55, 47, 50, 49, 53] <-- Page - 53 | Page Fault Here
[54, 48, 46, 52, 43, 55, 47, 50, 49, 53] <-- Page - 46
[54, 48, 46, 52, 43, 55, 47, 50, 49, 53] <-- Page - 49
[54, 48, 46, 52, 43, 55, 47, 50, 49, 53] <-- Page - 47
[54, 48, 46, 52, 43, 55, 47, 50, 49, 53] <-- Page - 50
[54, 48, 46, 52, 43, 55, 47, 50, 49, 53, 51] <-- Page - 51 | Page Fault Here
[54, 48, 46, 52, 43, 55, 47, 50, 49, 53, 51] <-- Page - 46
[54, 48, 46, 52, 43, 55, 47, 50, 49, 53, 51] <-- Page - 53
[54, 48, 46, 52, 43, 55, 47, 50, 49, 53, 51] <-- Page - 52
[54, 48, 46, 52, 43, 55, 47, 50, 49, 53, 51] <-- Page - 51
[54, 48, 46, 52, 43, 55, 47, 50, 49, 53, 51] <-- Page - 52
[54, 48, 46, 52, 43, 55, 47, 50, 49, 53, 51] <-- Page - 47
[54, 48, 46, 52, 43, 55, 47, 50, 49, 53, 51] <-- Page - 49
[54, 48, 46, 52, 43, 55, 47, 50, 49, 53, 51] <-- Page - 47
[54, 48, 46, 52, 43, 55, 47, 50, 49, 53, 51] <-- Page - 49
[54, 48, 46, 52, 43, 55, 47, 50, 49, 53, 51] <-- Page - 51
[54, 48, 46, 52, 43, 55, 47, 50, 49, 53, 51] <-- Page - 47
[54, 48, 46, 52, 43, 55, 47, 50, 49, 53, 51] <-- Page - 48
[54, 48, 46, 52, 43, 55, 47, 50, 49, 53, 51] <-- Page - 47
[54, 48, 46, 52, 43, 55, 47, 50, 49, 53, 51] <-- Page - 47
[54, 48, 46, 52, 43, 55, 47, 50, 49, 53, 51] <-- Page - 47
[54, 48, 46, 52, 43, 55, 47, 50, 49, 53, 51] <-- Page - 49
[54, 48, 46, 52, 43, 55, 47, 50, 49, 53, 51] <-- Page - 46
[54, 48, 46, 52, 43, 55, 47, 50, 49, 53, 51] <-- Page - 50
[54, 48, 46, 52, 43, 55, 47, 50, 49, 53, 51] <-- Page - 54
[54, 48, 46, 52, 43, 55, 47, 50, 49, 53, 51] <-- Page - 52
[54, 48, 46, 52, 43, 55, 47, 50, 49, 53, 51] <-- Page - 49
[54, 48, 46, 52, 43, 55, 47, 50, 49, 53, 51] <-- Page - 47
[54, 48, 46, 52, 43, 55, 47, 50, 49, 53, 51] <-- Page - 47
[54, 48, 46, 52, 43, 55, 47, 50, 49, 53, 51] <-- Page - 55
[54, 48, 46, 52, 43, 55, 47, 50, 49, 53, 51] <-- Page - 50
[54, 48, 46, 52, 43, 55, 47, 50, 49, 53, 51] <-- Page - 48
[54, 48, 46, 52, 43, 55, 47, 50, 49, 53, 51] <-- Page - 50
[54, 48, 46, 52, 43, 55, 47, 50, 49, 53, 51, 56] <-- Page - 56 | Page Fault Here
[54, 48, 46, 52, 43, 55, 47, 50, 49, 53, 51, 56] <-- Page - 50
[54, 48, 46, 52, 43, 55, 47, 50, 49, 53, 51, 56] <-- Page - 51
[54, 48, 46, 52, 43, 55, 47, 50, 49, 53, 51, 56] <-- Page - 50
[54, 48, 46, 52, 43, 55, 47, 50, 49, 53, 51, 56] <-- Page - 48
[54, 48, 46, 52, 43, 55, 47, 50, 49, 53, 51, 56] <-- Page - 46
[54, 48, 46, 52, 43, 55, 47, 50, 49, 53, 51, 56] <-- Page - 48
[54, 48, 46, 52, 43, 55, 47, 50, 49, 53, 51, 56] <-- Page - 49
[54, 48, 46, 52, 43, 55, 47, 50, 49, 53, 51, 56] <-- Page - 51
[54, 48, 46, 52, 43, 55, 47, 50, 49, 53, 51, 56] <-- Page - 52
[54, 48, 46, 52, 43, 55, 47, 50, 49, 53, 51, 56] <-- Page - 52
[54, 48, 46, 52, 43, 55, 47, 50, 49, 53, 51, 56] <-- Page - 50
[54, 48, 46, 52, 43, 55, 47, 50, 49, 53, 51, 56] <-- Page - 52
[54, 48, 46, 52, 43, 55, 47, 50, 49, 53, 51, 56] <-- Page - 47
[54, 48, 46, 52, 43, 55, 47, 50, 49, 53, 51, 56] <-- Page - 53
[54, 48, 46, 52, 43, 55, 47, 50, 49, 53, 51, 56] <-- Page - 51
[54, 48, 46, 52, 43, 55, 47, 50, 49, 53, 51, 56] <-- Page - 49
[54, 48, 46, 52, 43, 55, 47, 50, 49, 53, 51, 56] <-- Page - 51
[54, 48, 46, 52, 43, 55, 47, 50, 49, 53, 51, 56] <-- Page - 49
[54, 48, 46, 52, 43, 55, 47, 50, 49, 53, 51, 56] <-- Page - 53
[54, 48, 46, 52, 43, 55, 47, 50, 49, 53, 51, 56] <-- Page - 54
[54, 48, 46, 52, 43, 55, 47, 50, 49, 53, 51, 56] <-- Page - 56
[54, 48, 46, 52, 43, 55, 47, 50, 49, 53, 51, 56, 45] <-- Page - 45 | Page Fault Here
[54, 48, 46, 52, 43, 55, 47, 50, 49, 53, 51, 56, 45] <-- Page - 45
[54, 48, 46, 52, 43, 55, 47, 50, 49, 53, 51, 56, 45] <-- Page - 48
[54, 48, 46, 52, 43, 55, 47, 50, 49, 53, 51, 56, 45] <-- Page - 50
[54, 48, 46, 52, 43, 55, 47, 50, 49, 53, 51, 56, 45] <-- Page - 52
[54, 48, 46, 52, 43, 55, 47, 50, 49, 53, 51, 56, 45] <-- Page - 50
[54, 48, 46, 52, 43, 55, 47, 50, 49, 53, 51, 56, 45] <-- Page - 43
[54, 48, 46, 52, 43, 55, 47, 50, 49, 53, 51, 56, 45] <-- Page - 49
[54, 48, 46, 52, 43, 55, 47, 50, 49, 53, 51, 56, 45] <-- Page - 52
[54, 48, 46, 52, 43, 55, 47, 50, 49, 53, 51, 56, 45] <-- Page - 50
[54, 48, 46, 52, 43, 55, 47, 50, 49, 53, 51, 56, 45] <-- Page - 52
[54, 48, 46, 52, 43, 55, 47, 50, 49, 53, 51, 56, 45] <-- Page - 49
[54, 48, 46, 52, 43, 55, 47, 50, 49, 53, 51, 56, 45] <-- Page - 49
[54, 48, 46, 52, 43, 55, 47, 50, 49, 53, 51, 56, 45] <-- Page - 50
[54, 48, 46, 52, 43, 55, 47, 50, 49, 53, 51, 56, 45] <-- Page - 51
[54, 48, 46, 52, 43, 55, 47, 50, 49, 53, 51, 56, 45] <-- Page - 50
[54, 48, 46, 52, 43, 55, 47, 50, 49, 53, 51, 56, 45] <-- Page - 50
[54, 48, 46, 52, 43, 55, 47, 50, 49, 53, 51, 56, 45] <-- Page - 47
[54, 48, 46, 52, 43, 55, 47, 50, 49, 53, 51, 56, 45] <-- Page - 51
[54, 48, 46, 52, 43, 55, 47, 50, 49, 53, 51, 56, 45] <-- Page - 50
[54, 48, 46, 52, 43, 55, 47, 50, 49, 53, 51, 56, 45] <-- Page - 53
[54, 48, 46, 52, 43, 55, 47, 50, 49, 53, 51, 56, 45] <-- Page - 53
[54, 48, 46, 52, 43, 55, 47, 50, 49, 53, 51, 56, 45] <-- Page - 50
[54, 48, 46, 52, 43, 55, 47, 50, 49, 53, 51, 56, 45] <-- Page - 48
[54, 48, 46, 52, 43, 55, 47, 50, 49, 53, 51, 56, 45] <-- Page - 48
[54, 48, 46, 52, 43, 55, 47, 50, 49, 53, 51, 56, 45] <-- Page - 51
[54, 48, 46, 52, 43, 55, 47, 50, 49, 53, 51, 56, 45] <-- Page - 50
[54, 48, 46, 52, 43, 55, 47, 50, 49, 53, 51, 56, 45] <-- Page - 48
[54, 48, 46, 52, 43, 55, 47, 50, 49, 53, 51, 56, 45] <-- Page - 50
[54, 48, 46, 52, 43, 55, 47, 50, 49, 53, 51, 56, 45] <-- Page - 48
[54, 48, 46, 52, 43, 55, 47, 50, 49, 53, 51, 56, 45] <-- Page - 52
[54, 48, 46, 52, 43, 55, 47, 50, 49, 53, 51, 56, 45] <-- Page - 48
[54, 48, 46, 52, 43, 55, 47, 50, 49, 53, 51, 56, 45] <-- Page - 53
[54, 48, 46, 52, 43, 55, 47, 50, 49, 53, 51, 56, 45] <-- Page - 51
[54, 48, 46, 52, 43, 55, 47, 50, 49, 53, 51, 56, 45] <-- Page - 51
[54, 48, 46, 52, 43, 55, 47, 50, 49, 53, 51, 56, 45] <-- Page - 46
[54, 48, 46, 52, 43, 55, 47, 50, 49, 53, 51, 56, 45] <-- Page - 50
[54, 48, 46, 52, 43, 55, 47, 50, 49, 53, 51, 56, 45] <-- Page - 52
[54, 48, 46, 52, 43, 55, 47, 50, 49, 53, 51, 56, 45] <-- Page - 47
[54, 48, 46, 52, 43, 55, 47, 50, 49, 53, 51, 56, 45] <-- Page - 49
[54, 48, 46, 52, 43, 55, 47, 50, 49, 53, 51, 56, 45] <-- Page - 50
[54, 48, 46, 52, 43, 55, 47, 50, 49, 53, 51, 56, 45] <-- Page - 45
[54, 48, 46, 52, 43, 55, 47, 50, 49, 53, 51, 56, 45] <-- Page - 50
[54, 48, 46, 52, 43, 55, 47, 50, 49, 53, 51, 56, 45] <-- Page - 52
[54, 48, 46, 52, 43, 55, 47, 50, 49, 53, 51, 56, 45] <-- Page - 47
[54, 48, 46, 52, 43, 55, 47, 50, 49, 53, 51, 56, 45] <-- Page - 51
[54, 48, 46, 52, 43, 55, 47, 50, 49, 53, 51, 56, 45] <-- Page - 46
[54, 48, 46, 52, 43, 55, 47, 50, 49, 53, 51, 56, 45] <-- Page - 49
[54, 48, 46, 52, 43, 55, 47, 50, 49, 53, 51, 56, 45] <-- Page - 45
[54, 48, 46, 52, 43, 55, 47, 50, 49, 53, 51, 56, 45] <-- Page - 53
[54, 48, 46, 52, 43, 55, 47, 50, 49, 53, 51, 56, 45] <-- Page - 51
[54, 48, 46, 52, 43, 55, 47, 50, 49, 53, 51, 56, 45] <-- Page - 49
[54, 48, 46, 52, 43, 55, 47, 50, 49, 53, 51, 56, 45] <-- Page - 47
[54, 48, 46, 52, 43, 55, 47, 50, 49, 53, 51, 56, 45] <-- Page - 53
[54, 48, 46, 52, 43, 55, 47, 50, 49, 53, 51, 56, 45] <-- Page - 55
[54, 48, 46, 52, 43, 55, 47, 50, 49, 53, 51, 56, 45, 44] <-- Page - 44 | Page Fault Here
[54, 48, 46, 52, 43, 55, 47, 50, 49, 53, 51, 56, 45, 44] <-- Page - 53
[54, 48, 46, 52, 43, 55, 47, 50, 49, 53, 51, 56, 45, 44] <-- Page - 54
[54, 48, 46, 52, 43, 55, 47, 50, 49, 53, 51, 56, 45, 44] <-- Page - 51
[54, 48, 46, 52, 43, 55, 47, 50, 49, 53, 51, 56, 45, 44] <-- Page - 46
[54, 48, 46, 52, 43, 55, 47, 50, 49, 53, 51, 56, 45, 44] <-- Page - 52
[54, 48, 46, 52, 43, 55, 47, 50, 49, 53, 51, 56, 45, 44] <-- Page - 49
[54, 48, 46, 52, 43, 55, 47, 50, 49, 53, 51, 56, 45, 44] <-- Page - 48
[54, 48, 46, 52, 43, 55, 47, 50, 49, 53, 51, 56, 45, 44] <-- Page - 46
[54, 48, 46, 52, 43, 55, 47, 50, 49, 53, 51, 56, 45, 44] <-- Page - 51
[54, 48, 46, 52, 43, 55, 47, 50, 49, 53, 51, 56, 45, 44] <-- Page - 52
[54, 48, 46, 52, 43, 55, 47, 50, 49, 53, 51, 56, 45, 44] <-- Page - 48
[54, 48, 46, 52, 43, 55, 47, 50, 49, 53, 51, 56, 45, 44] <-- Page - 51
[54, 48, 46, 52, 43, 55, 47, 50, 49, 53, 51, 56, 45, 44] <-- Page - 46
[54, 48, 46, 52, 43, 55, 47, 50, 49, 53, 51, 56, 45, 44] <-- Page - 52
[54, 48, 46, 52, 43, 55, 47, 50, 49, 53, 51, 56, 45, 44] <-- Page - 50
[54, 48, 46, 52, 43, 55, 47, 50, 49, 53, 51, 56, 45, 44] <-- Page - 49
[54, 48, 46, 52, 43, 55, 47, 50, 49, 53, 51, 56, 45, 44] <-- Page - 49
[54, 48, 46, 52, 43, 55, 47, 50, 49, 53, 51, 56, 45, 44] <-- Page - 52
[54, 48, 46, 52, 43, 55, 47, 50, 49, 53, 51, 56, 45, 44] <-- Page - 52
[54, 48, 46, 52, 43, 55, 47, 50, 49, 53, 51, 56, 45, 44] <-- Page - 51
[54, 48, 46, 52, 43, 55, 47, 50, 49, 53, 51, 56, 45, 44] <-- Page - 50
[54, 48, 46, 52, 43, 55, 47, 50, 49, 53, 51, 56, 45, 44] <-- Page - 50
[54, 48, 46, 52, 43, 55, 47, 50, 49, 53, 51, 56, 45, 44] <-- Page - 51
[54, 48, 46, 52, 43, 55, 47, 50, 49, 53, 51, 56, 45, 44] <-- Page - 50
[54, 48, 46, 52, 43, 55, 47, 50, 49, 53, 51, 56, 45, 44] <-- Page - 52
[54, 48, 46, 52, 43, 55, 47, 50, 49, 53, 51, 56, 45, 44] <-- Page - 49
[54, 48, 46, 52, 43, 55, 47, 50, 49, 53, 51, 56, 45, 44, 42] <-- Page - 42 | Page Fault Here
[54, 48, 46, 52, 43, 55, 47, 50, 49, 53, 51, 56, 45, 44, 42] <-- Page - 53
[54, 48, 46, 52, 43, 55, 47, 50, 49, 53, 51, 56, 45, 44, 42] <-- Page - 56
[54, 48, 46, 52, 43, 55, 47, 50, 49, 53, 51, 56, 45, 44, 42] <-- Page - 51
[54, 48, 46, 52, 43, 55, 47, 50, 49, 53, 51, 56, 45, 44, 42] <-- Page - 49
[54, 48, 46, 52, 43, 55, 47, 50, 49, 53, 51, 56, 45, 44, 42] <-- Page - 49
[54, 48, 46, 52, 43, 55, 47, 50, 49, 53, 51, 56, 45, 44, 42] <-- Page - 49
[54, 48, 46, 52, 43, 55, 47, 50, 49, 53, 51, 56, 45, 44, 42] <-- Page - 50
[54, 48, 46, 52, 43, 55, 47, 50, 49, 53, 51, 56, 45, 44, 42] <-- Page - 46
[54, 48, 46, 52, 43, 55, 47, 50, 49, 53, 51, 56, 45, 44, 42] <-- Page - 48
[54, 48, 46, 52, 43, 55, 47, 50, 49, 53, 51, 56, 45, 44, 42] <-- Page - 47
[54, 48, 46, 52, 43, 55, 47, 50, 49, 53, 51, 56, 45, 44, 42] <-- Page - 50
[54, 48, 46, 52, 43, 55, 47, 50, 49, 53, 51, 56, 45, 44, 42] <-- Page - 49
[54, 48, 46, 52, 43, 55, 47, 50, 49, 53, 51, 56, 45, 44, 42] <-- Page - 51
[54, 48, 46, 52, 43, 55, 47, 50, 49, 53, 51, 56, 45, 44, 42] <-- Page - 49
[54, 48, 46, 52, 43, 55, 47, 50, 49, 53, 51, 56, 45, 44, 42] <-- Page - 52
[54, 48, 46, 52, 43, 55, 47, 50, 49, 53, 51, 56, 45, 44, 42] <-- Page - 50
[54, 48, 46, 52, 43, 55, 47, 50, 49, 53, 51, 56, 45, 44, 42] <-- Page - 56
[54, 48, 46, 52, 43, 55, 47, 50, 49, 53, 51, 56, 45, 44, 42] <-- Page - 44
[54, 48, 46, 52, 43, 55, 47, 50, 49, 53, 51, 56, 45, 44, 42] <-- Page - 48
[54, 48, 46, 52, 43, 55, 47, 50, 49, 53, 51, 56, 45, 44, 42] <-- Page - 52
[54, 48, 46, 52, 43, 55, 47, 50, 49, 53, 51, 56, 45, 44, 42, 57] <-- Page - 57 | Page Fault Here
[54, 48, 46, 52, 43, 55, 47, 50, 49, 53, 51, 56, 45, 44, 42, 57] <-- Page - 49
[54, 48, 46, 52, 43, 55, 47, 50, 49, 53, 51, 56, 45, 44, 42, 57] <-- Page - 50
[54, 48, 46, 52, 43, 55, 47, 50, 49, 53, 51, 56, 45, 44, 42, 57] <-- Page - 49
[54, 48, 46, 52, 43, 55, 47, 50, 49, 53, 51, 56, 45, 44, 42, 57] <-- Page - 53
[54, 48, 46, 52, 43, 55, 47, 50, 49, 53, 51, 56, 45, 44, 42, 57] <-- Page - 49
[54, 48, 46, 52, 43, 55, 47, 50, 49, 53, 51, 56, 45, 44, 42, 57] <-- Page - 52
[54, 48, 46, 52, 43, 55, 47, 50, 49, 53, 51, 56, 45, 44, 42, 57] <-- Page - 49
[54, 48, 46, 52, 43, 55, 47, 50, 49, 53, 51, 56, 45, 44, 42, 57] <-- Page - 46
[54, 48, 46, 52, 43, 55, 47, 50, 49, 53, 51, 56, 45, 44, 42, 57] <-- Page - 50
[54, 48, 46, 52, 43, 55, 47, 50, 49, 53, 51, 56, 45, 44, 42, 57] <-- Page - 51
[54, 48, 46, 52, 43, 55, 47, 50, 49, 53, 51, 56, 45, 44, 42, 57] <-- Page - 53
[54, 48, 46, 52, 43, 55, 47, 50, 49, 53, 51, 56, 45, 44, 42, 57] <-- Page - 49
[54, 48, 46, 52, 43, 55, 47, 50, 49, 53, 51, 56, 45, 44, 42, 57] <-- Page - 48
[54, 48, 46, 52, 43, 55, 47, 50, 49, 53, 51, 56, 45, 44, 42, 57] <-- Page - 51
[54, 48, 46, 52, 43, 55, 47, 50, 49, 53, 51, 56, 45, 44, 42, 57] <-- Page - 50
[54, 48, 46, 52, 43, 55, 47, 50, 49, 53, 51, 56, 45, 44, 42, 57] <-- Page - 50
[54, 48, 46, 52, 43, 55, 47, 50, 49, 53, 51, 56, 45, 44, 42, 57] <-- Page - 49
[54, 48, 46, 52, 43, 55, 47, 50, 49, 53, 51, 56, 45, 44, 42, 57] <-- Page - 53
[54, 48, 46, 52, 43, 55, 47, 50, 49, 53, 51, 56, 45, 44, 42, 57] <-- Page - 51
[54, 48, 46, 52, 43, 55, 47, 50, 49, 53, 51, 56, 45, 44, 42, 57] <-- Page - 55
[54, 48, 46, 52, 43, 55, 47, 50, 49, 53, 51, 56, 45, 44, 42, 57] <-- Page - 53
[54, 48, 46, 52, 43, 55, 47, 50, 49, 53, 51, 56, 45, 44, 42, 57] <-- Page - 51
[54, 48, 46, 52, 43, 55, 47, 50, 49, 53, 51, 56, 45, 44, 42, 57] <-- Page - 45
[54, 48, 46, 52, 43, 55, 47, 50, 49, 53, 51, 56, 45, 44, 42, 57] <-- Page - 51
[54, 48, 46, 52, 43, 55, 47, 50, 49, 53, 51, 56, 45, 44, 42, 57] <-- Page - 51
[54, 48, 46, 52, 43, 55, 47, 50, 49, 53, 51, 56, 45, 44, 42, 57] <-- Page - 52
[54, 48, 46, 52, 43, 55, 47, 50, 49, 53, 51, 56, 45, 44, 42, 57] <-- Page - 53
[54, 48, 46, 52, 43, 55, 47, 50, 49, 53, 51, 56, 45, 44, 42, 57] <-- Page - 48
[54, 48, 46, 52, 43, 55, 47, 50, 49, 53, 51, 56, 45, 44, 42, 57] <-- Page - 52
[54, 48, 46, 52, 43, 55, 47, 50, 49, 53, 51, 56, 45, 44, 42, 57] <-- Page - 48
[54, 48, 46, 52, 43, 55, 47, 50, 49, 53, 51, 56, 45, 44, 42, 57] <-- Page - 55
[54, 48, 46, 52, 43, 55, 47, 50, 49, 53, 51, 56, 45, 44, 42, 57] <-- Page - 46
[54, 48, 46, 52, 43, 55, 47, 50, 49, 53, 51, 56, 45, 44, 42, 57] <-- Page - 44
[54, 48, 46, 52, 43, 55, 47, 50, 49, 53, 51, 56, 45, 44, 42, 57] <-- Page - 45
[54, 48, 46, 52, 43, 55, 47, 50, 49, 53, 51, 56, 45, 44, 42, 57] <-- Page - 47
[54, 48, 46, 52, 43, 55, 47, 50, 49, 53, 51, 56, 45, 44, 42, 57] <-- Page - 46
[54, 48, 46, 52, 43, 55, 47, 50, 49, 53, 51, 56, 45, 44, 42, 57] <-- Page - 55
[54, 48, 46, 52, 43, 55, 47, 50, 49, 53, 51, 56, 45, 44, 42, 57] <-- Page - 49
[54, 48, 46, 52, 43, 55, 47, 50, 49, 53, 51, 56, 45, 44, 42, 57] <-- Page - 45
[54, 48, 46, 52, 43, 55, 47, 50, 49, 53, 51, 56, 45, 44, 42, 57] <-- Page - 53
[54, 48, 46, 52, 43, 55, 47, 50, 49, 53, 51, 56, 45, 44, 42, 57] <-- Page - 48
[54, 48, 46, 52, 43, 55, 47, 50, 49, 53, 51, 56, 45, 44, 42, 57] <-- Page - 46
[54, 48, 46, 52, 43, 55, 47, 50, 49, 53, 51, 56, 45, 44, 42, 57] <-- Page - 52
[54, 48, 46, 52, 43, 55, 47, 50, 49, 53, 51, 56, 45, 44, 42, 57] <-- Page - 51
[54, 48, 46, 52, 43, 55, 47, 50, 49, 53, 51, 56, 45, 44, 42, 57] <-- Page - 48
[54, 48, 46, 52, 43, 55, 47, 50, 49, 53, 51, 56, 45, 44, 42, 57] <-- Page - 54
[54, 48, 46, 52, 43, 55, 47, 50, 49, 53, 51, 56, 45, 44, 42, 57] <-- Page - 50
[54, 48, 46, 52, 43, 55, 47, 50, 49, 53, 51, 56, 45, 44, 42, 57] <-- Page - 54
[54, 48, 46, 52, 43, 55, 47, 50, 49, 53, 51, 56, 45, 44, 42, 57] <-- Page - 51
[54, 48, 46, 52, 43, 55, 47, 50, 49, 53, 51, 56, 45, 44, 42, 57] <-- Page - 54
[54, 48, 46, 52, 43, 55, 47, 50, 49, 53, 51, 56, 45, 44, 42, 57] <-- Page - 50
[54, 48, 46, 52, 43, 55, 47, 50, 49, 53, 51, 56, 45, 44, 42, 57] <-- Page - 46
[54, 48, 46, 52, 43, 55, 47, 50, 49, 53, 51, 56, 45, 44, 42, 57] <-- Page - 57
[54, 48, 46, 52, 43, 55, 47, 50, 49, 53, 51, 56, 45, 44, 42, 57] <-- Page - 48
[54, 48, 46, 52, 43, 55, 47, 50, 49, 53, 51, 56, 45, 44, 42, 57] <-- Page - 49
[54, 48, 46, 52, 43, 55, 47, 50, 49, 53, 51, 56, 45, 44, 42, 57] <-- Page - 47
[54, 48, 46, 52, 43, 55, 47, 50, 49, 53, 51, 56, 45, 44, 42, 57] <-- Page - 49
[54, 48, 46, 52, 43, 55, 47, 50, 49, 53, 51, 56, 45, 44, 42, 57] <-- Page - 50
[54, 48, 46, 52, 43, 55, 47, 50, 49, 53, 51, 56, 45, 44, 42, 57] <-- Page - 50
[54, 48, 46, 52, 43, 55, 47, 50, 49, 53, 51, 56, 45, 44, 42, 57] <-- Page - 51
[54, 48, 46, 52, 43, 55, 47, 50, 49, 53, 51, 56, 45, 44, 42, 57] <-- Page - 55
[54, 48, 46, 52, 43, 55, 47, 50, 49, 53, 51, 56, 45, 44, 42, 57] <-- Page - 49
[54, 48, 46, 52, 43, 55, 47, 50, 49, 53, 51, 56, 45, 44, 42, 57] <-- Page - 46
[54, 48, 46, 52, 43, 55, 47, 50, 49, 53, 51, 56, 45, 44, 42, 57] <-- Page - 46
[54, 48, 46, 52, 43, 55, 47, 50, 49, 53, 51, 56, 45, 44, 42, 57] <-- Page - 48
[54, 48, 46, 52, 43, 55, 47, 50, 49, 53, 51, 56, 45, 44, 42, 57] <-- Page - 44
[54, 48, 46, 52, 43, 55, 47, 50, 49, 53, 51, 56, 45, 44, 42, 57] <-- Page - 52
[54, 48, 46, 52, 43, 55, 47, 50, 49, 53, 51, 56, 45, 44, 42, 57] <-- Page - 48
[54, 48, 46, 52, 43, 55, 47, 50, 49, 53, 51, 56, 45, 44, 42, 57] <-- Page - 49
[54, 48, 46, 52, 43, 55, 47, 50, 49, 53, 51, 56, 45, 44, 42, 57] <-- Page - 49
[54, 48, 46, 52, 43, 55, 47, 50, 49, 53, 51, 56, 45, 44, 42, 57] <-- Page - 45
[54, 48, 46, 52, 43, 55, 47, 50, 49, 53, 51, 56, 45, 44, 42, 57] <-- Page - 47
[54, 48, 46, 52, 43, 55, 47, 50, 49, 53, 51, 56, 45, 44, 42, 57] <-- Page - 52
[54, 48, 46, 52, 43, 55, 47, 50, 49, 53, 51, 56, 45, 44, 42, 57] <-- Page - 51
[54, 48, 46, 52, 43, 55, 47, 50, 49, 53, 51, 56, 45, 44, 42, 57] <-- Page - 48
[54, 48, 46, 52, 43, 55, 47, 50, 49, 53, 51, 56, 45, 44, 42, 57] <-- Page - 55
[54, 48, 46, 52, 43, 55, 47, 50, 49, 53, 51, 56, 45, 44, 42, 57] <-- Page - 46
[54, 48, 46, 52, 43, 55, 47, 50, 49, 53, 51, 56, 45, 44, 42, 57] <-- Page - 48
[54, 48, 46, 52, 43, 55, 47, 50, 49, 53, 51, 56, 45, 44, 42, 57] <-- Page - 49
[54, 48, 46, 52, 43, 55, 47, 50, 49, 53, 51, 56, 45, 44, 42, 57, 41] <-- Page - 41 | Page Fault Here
[54, 48, 46, 52, 43, 55, 47, 50, 49, 53, 51, 56, 45, 44, 42, 57, 41] <-- Page - 55
[54, 48, 46, 52, 43, 55, 47, 50, 49, 53, 51, 56, 45, 44, 42, 57, 41] <-- Page - 51
[54, 48, 46, 52, 43, 55, 47, 50, 49, 53, 51, 56, 45, 44, 42, 57, 41] <-- Page - 46
[54, 48, 46, 52, 43, 55, 47, 50, 49, 53, 51, 56, 45, 44, 42, 57, 41] <-- Page - 56
[54, 48, 46, 52, 43, 55, 47, 50, 49, 53, 51, 56, 45, 44, 42, 57, 41] <-- Page - 51
[54, 48, 46, 52, 43, 55, 47, 50, 49, 53, 51, 56, 45, 44, 42, 57, 41] <-- Page - 51
[54, 48, 46, 52, 43, 55, 47, 50, 49, 53, 51, 56, 45, 44, 42, 57, 41] <-- Page - 48
[54, 48, 46, 52, 43, 55, 47, 50, 49, 53, 51, 56, 45, 44, 42, 57, 41] <-- Page - 50
[54, 48, 46, 52, 43, 55, 47, 50, 49, 53, 51, 56, 45, 44, 42, 57, 41] <-- Page - 45
[54, 48, 46, 52, 43, 55, 47, 50, 49, 53, 51, 56, 45, 44, 42, 57, 41] <-- Page - 52
[54, 48, 46, 52, 43, 55, 47, 50, 49, 53, 51, 56, 45, 44, 42, 57, 41] <-- Page - 48
[54, 48, 46, 52, 43, 55, 47, 50, 49, 53, 51, 56, 45, 44, 42, 57, 41] <-- Page - 50
[54, 48, 46, 52, 43, 55, 47, 50, 49, 53, 51, 56, 45, 44, 42, 57, 41] <-- Page - 53
[54, 48, 46, 52, 43, 55, 47, 50, 49, 53, 51, 56, 45, 44, 42, 57, 41] <-- Page - 50
[54, 48, 46, 52, 43, 55, 47, 50, 49, 53, 51, 56, 45, 44, 42, 57, 41] <-- Page - 50
[54, 48, 46, 52, 43, 55, 47, 50, 49, 53, 51, 56, 45, 44, 42, 57, 41] <-- Page - 50
[54, 48, 46, 52, 43, 55, 47, 50, 49, 53, 51, 56, 45, 44, 42, 57, 41] <-- Page - 47
[54, 48, 46, 52, 43, 55, 47, 50, 49, 53, 51, 56, 45, 44, 42, 57, 41] <-- Page - 52
[54, 48, 46, 52, 43, 55, 47, 50, 49, 53, 51, 56, 45, 44, 42, 57, 41] <-- Page - 54
[54, 48, 46, 52, 43, 55, 47, 50, 49, 53, 51, 56, 45, 44, 42, 57, 41] <-- Page - 52
[54, 48, 46, 52, 43, 55, 47, 50, 49, 53, 51, 56, 45, 44, 42, 57, 41] <-- Page - 52
[54, 48, 46, 52, 43, 55, 47, 50, 49, 53, 51, 56, 45, 44, 42, 57, 41] <-- Page - 47
[54, 48, 46, 52, 43, 55, 47, 50, 49, 53, 51, 56, 45, 44, 42, 57, 41] <-- Page - 47
[54, 48, 46, 52, 43, 55, 47, 50, 49, 53, 51, 56, 45, 44, 42, 57, 41] <-- Page - 45
[54, 48, 46, 52, 43, 55, 47, 50, 49, 53, 51, 56, 45, 44, 42, 57, 41] <-- Page - 53
[54, 48, 46, 52, 43, 55, 47, 50, 49, 53, 51, 56, 45, 44, 42, 57, 41] <-- Page - 49
[54, 48, 46, 52, 43, 55, 47, 50, 49, 53, 51, 56, 45, 44, 42, 57, 41] <-- Page - 54
[54, 48, 46, 52, 43, 55, 47, 50, 49, 53, 51, 56, 45, 44, 42, 57, 41] <-- Page - 47
[54, 48, 46, 52, 43, 55, 47, 50, 49, 53, 51, 56, 45, 44, 42, 57, 41] <-- Page - 48
[54, 48, 46, 52, 43, 55, 47, 50, 49, 53, 51, 56, 45, 44, 42, 57, 41] <-- Page - 50
[54, 48, 46, 52, 43, 55, 47, 50, 49, 53, 51, 56, 45, 44, 42, 57, 41] <-- Page - 52
[54, 48, 46, 52, 43, 55, 47, 50, 49, 53, 51, 56, 45, 44, 42, 57, 41] <-- Page - 50
[54, 48, 46, 52, 43, 55, 47, 50, 49, 53, 51, 56, 45, 44, 42, 57, 41] <-- Page - 50
[54, 48, 46, 52, 43, 55, 47, 50, 49, 53, 51, 56, 45, 44, 42, 57, 41] <-- Page - 50
[54, 48, 46, 52, 43, 55, 47, 50, 49, 53, 51, 56, 45, 44, 42, 57, 41] <-- Page - 50
[54, 48, 46, 52, 43, 55, 47, 50, 49, 53, 51, 56, 45, 44, 42, 57, 41] <-- Page - 46
[54, 48, 46, 52, 43, 55, 47, 50, 49, 53, 51, 56, 45, 44, 42, 57, 41] <-- Page - 50
[54, 48, 46, 52, 43, 55, 47, 50, 49, 53, 51, 56, 45, 44, 42, 57, 41] <-- Page - 49
[54, 48, 46, 52, 43, 55, 47, 50, 49, 53, 51, 56, 45, 44, 42, 57, 41] <-- Page - 49
[54, 48, 46, 52, 43, 55, 47, 50, 49, 53, 51, 56, 45, 44, 42, 57, 41] <-- Page - 51
[54, 48, 46, 52, 43, 55, 47, 50, 49, 53, 51, 56, 45, 44, 42, 57, 41] <-- Page - 47
[54, 48, 46, 52, 43, 55, 47, 50, 49, 53, 51, 56, 45, 44, 42, 57, 41] <-- Page - 49
[54, 48, 46, 52, 43, 55, 47, 50, 49, 53, 51, 56, 45, 44, 42, 57, 41] <-- Page - 49
[54, 48, 46, 52, 43, 55, 47, 50, 49, 53, 51, 56, 45, 44, 42, 57, 41] <-- Page - 51
[54, 48, 46, 52, 43, 55, 47, 50, 49, 53, 51, 56, 45, 44, 42, 57, 41] <-- Page - 52
[54, 48, 46, 52, 43, 55, 47, 50, 49, 53, 51, 56, 45, 44, 42, 57, 41] <-- Page - 47
[54, 48, 46, 52, 43, 55, 47, 50, 49, 53, 51, 56, 45, 44, 42, 57, 41] <-- Page - 51
------------------------------------------------------------
