# seed = 1 mean = 50 standard_deviation = 10 number_of_pages = 250
Capacity of LSU = 125
------------------------------------------------------------
Page Faults = 44
Page Hits = 206
------------------------------------------------------------
[66] <-- Page - 66 | Page Fault Here
[66, 43] <-- Page - 43 | Page Fault Here
[66, 43, 44] <-- Page - 44 | Page Fault Here
[66, 43, 44, 39] <-- Page - 39 | Page Fault Here
[66, 43, 44, 39, 58] <-- Page - 58 | Page Fault Here
[66, 43, 44, 39, 58, 26] <-- Page - 26 | Page Fault Here
[66, 43, 44, 39, 58, 26, 67] <-- Page - 67 | Page Fault Here
[66, 43, 44, 39, 58, 26, 67, 42] <-- Page - 42 | Page Fault Here
[66, 43, 44, 39, 58, 26, 67, 42, 53] <-- Page - 53 | Page Fault Here
[66, 43, 44, 39, 58, 26, 67, 42, 53, 47] <-- Page - 47 | Page Fault Here
[66, 43, 44, 39, 58, 26, 67, 42, 53, 47, 64] <-- Page - 64 | Page Fault Here
[66, 43, 44, 39, 58, 26, 67, 42, 53, 47, 64, 29] <-- Page - 29 | Page Fault Here
[66, 43, 44, 39, 58, 26, 67, 42, 53, 47, 64, 29, 46] <-- Page - 46 | Page Fault Here
[66, 43, 44, 39, 58, 26, 67, 42, 53, 47, 64, 29, 46] <-- Page - 46
[66, 43, 44, 39, 58, 26, 67, 42, 53, 47, 64, 29, 46, 61] <-- Page - 61 | Page Fault Here
[66, 43, 44, 39, 58, 26, 67, 42, 53, 47, 64, 29, 46, 61] <-- Page - 39
[66, 43, 44, 39, 58, 26, 67, 42, 53, 47, 64, 29, 46, 61, 48] <-- Page - 48 | Page Fault Here
[66, 43, 44, 39, 58, 26, 67, 42, 53, 47, 64, 29, 46, 61, 48, 41] <-- Page - 41 | Page Fault Here
[66, 43, 44, 39, 58, 26, 67, 42, 53, 47, 64, 29, 46, 61, 48, 41, 50] <-- Page - 50 | Page Fault Here
[66, 43, 44, 39, 58, 26, 67, 42, 53, 47, 64, 29, 46, 61, 48, 41, 50, 55] <-- Page - 55 | Page Fault Here
[66, 43, 44, 39, 58, 26, 67, 42, 53, 47, 64, 29, 46, 61, 48, 41, 50, 55, 38] <-- Page - 38 | Page Fault Here
[66, 43, 44, 39, 58, 26, 67, 42, 53, 47, 64, 29, 46, 61, 48, 41, 50, 55, 38] <-- Page - 61
[66, 43, 44, 39, 58, 26, 67, 42, 53, 47, 64, 29, 46, 61, 48, 41, 50, 55, 38, 59] <-- Page - 59 | Page Fault Here
[66, 43, 44, 39, 58, 26, 67, 42, 53, 47, 64, 29, 46, 61, 48, 41, 50, 55, 38, 59] <-- Page - 55
[66, 43, 44, 39, 58, 26, 67, 42, 53, 47, 64, 29, 46, 61, 48, 41, 50, 55, 38, 59] <-- Page - 59
[66, 43, 44, 39, 58, 26, 67, 42, 53, 47, 64, 29, 46, 61, 48, 41, 50, 55, 38, 59] <-- Page - 43
[66, 43, 44, 39, 58, 26, 67, 42, 53, 47, 64, 29, 46, 61, 48, 41, 50, 55, 38, 59] <-- Page - 48
[66, 43, 44, 39, 58, 26, 67, 42, 53, 47, 64, 29, 46, 61, 48, 41, 50, 55, 38, 59, 40] <-- Page - 40 | Page Fault Here
[66, 43, 44, 39, 58, 26, 67, 42, 53, 47, 64, 29, 46, 61, 48, 41, 50, 55, 38, 59, 40] <-- Page - 47
[66, 43, 44, 39, 58, 26, 67, 42, 53, 47, 64, 29, 46, 61, 48, 41, 50, 55, 38, 59, 40] <-- Page - 55
[66, 43, 44, 39, 58, 26, 67, 42, 53, 47, 64, 29, 46, 61, 48, 41, 50, 55, 38, 59, 40] <-- Page - 43
[66, 43, 44, 39, 58, 26, 67, 42, 53, 47, 64, 29, 46, 61, 48, 41, 50, 55, 38, 59, 40] <-- Page - 46
[66, 43, 44, 39, 58, 26, 67, 42, 53, 47, 64, 29, 46, 61, 48, 41, 50, 55, 38, 59, 40] <-- Page - 43
[66, 43, 44, 39, 58, 26, 67, 42, 53, 47, 64, 29, 46, 61, 48, 41, 50, 55, 38, 59, 40] <-- Page - 41
[66, 43, 44, 39, 58, 26, 67, 42, 53, 47, 64, 29, 46, 61, 48, 41, 50, 55, 38, 59, 40] <-- Page - 43
[66, 43, 44, 39, 58, 26, 67, 42, 53, 47, 64, 29, 46, 61, 48, 41, 50, 55, 38, 59, 40, 49] <-- Page - 49 | Page Fault Here
[66, 43, 44, 39, 58, 26, 67, 42, 53, 47, 64, 29, 46, 61, 48, 41, 50, 55, 38, 59, 40, 49] <-- Page - 38
[66, 43, 44, 39, 58, 26, 67, 42, 53, 47, 64, 29, 46, 61, 48, 41, 50, 55, 38, 59, 40, 49, 52] <-- Page - 52 | Page Fault Here
[66, 43, 44, 39, 58, 26, 67, 42, 53, 47, 64, 29, 46, 61, 48, 41, 50, 55, 38, 59, 40, 49, 52] <-- Page - 66
[66, 43, 44, 39, 58, 26, 67, 42, 53, 47, 64, 29, 46, 61, 48, 41, 50, 55, 38, 59, 40, 49, 52, 57] <-- Page - 57 | Page Fault Here
[66, 43, 44, 39, 58, 26, 67, 42, 53, 47, 64, 29, 46, 61, 48, 41, 50, 55, 38, 59, 40, 49, 52, 57] <-- Page - 48
[66, 43, 44, 39, 58, 26, 67, 42, 53, 47, 64, 29, 46, 61, 48, 41, 50, 55, 38, 59, 40, 49, 52, 57] <-- Page - 41
[66, 43, 44, 39, 58, 26, 67, 42, 53, 47, 64, 29, 46, 61, 48, 41, 50, 55, 38, 59, 40, 49, 52, 57] <-- Page - 42
[66, 43, 44, 39, 58, 26, 67, 42, 53, 47, 64, 29, 46, 61, 48, 41, 50, 55, 38, 59, 40, 49, 52, 57] <-- Page - 66
[66, 43, 44, 39, 58, 26, 67, 42, 53, 47, 64, 29, 46, 61, 48, 41, 50, 55, 38, 59, 40, 49, 52, 57] <-- Page - 50
[66, 43, 44, 39, 58, 26, 67, 42, 53, 47, 64, 29, 46, 61, 48, 41, 50, 55, 38, 59, 40, 49, 52, 57] <-- Page - 43
[66, 43, 44, 39, 58, 26, 67, 42, 53, 47, 64, 29, 46, 61, 48, 41, 50, 55, 38, 59, 40, 49, 52, 57, 51] <-- Page - 51 | Page Fault Here
[66, 43, 44, 39, 58, 26, 67, 42, 53, 47, 64, 29, 46, 61, 48, 41, 50, 55, 38, 59, 40, 49, 52, 57, 51, 71] <-- Page - 71 | Page Fault Here
[66, 43, 44, 39, 58, 26, 67, 42, 53, 47, 64, 29, 46, 61, 48, 41, 50, 55, 38, 59, 40, 49, 52, 57, 51, 71] <-- Page - 51
[66, 43, 44, 39, 58, 26, 67, 42, 53, 47, 64, 29, 46, 61, 48, 41, 50, 55, 38, 59, 40, 49, 52, 57, 51, 71, 56] <-- Page - 56 | Page Fault Here
[66, 43, 44, 39, 58, 26, 67, 42, 53, 47, 64, 29, 46, 61, 48, 41, 50, 55, 38, 59, 40, 49, 52, 57, 51, 71, 56] <-- Page - 53
[66, 43, 44, 39, 58, 26, 67, 42, 53, 47, 64, 29, 46, 61, 48, 41, 50, 55, 38, 59, 40, 49, 52, 57, 51, 71, 56] <-- Page - 46
[66, 43, 44, 39, 58, 26, 67, 42, 53, 47, 64, 29, 46, 61, 48, 41, 50, 55, 38, 59, 40, 49, 52, 57, 51, 71, 56] <-- Page - 38
[66, 43, 44, 39, 58, 26, 67, 42, 53, 47, 64, 29, 46, 61, 48, 41, 50, 55, 38, 59, 40, 49, 52, 57, 51, 71, 56] <-- Page - 46
[66, 43, 44, 39, 58, 26, 67, 42, 53, 47, 64, 29, 46, 61, 48, 41, 50, 55, 38, 59, 40, 49, 52, 57, 51, 71, 56] <-- Page - 47
[66, 43, 44, 39, 58, 26, 67, 42, 53, 47, 64, 29, 46, 61, 48, 41, 50, 55, 38, 59, 40, 49, 52, 57, 51, 71, 56] <-- Page - 55
[66, 43, 44, 39, 58, 26, 67, 42, 53, 47, 64, 29, 46, 61, 48, 41, 50, 55, 38, 59, 40, 49, 52, 57, 51, 71, 56] <-- Page - 58
[66, 43, 44, 39, 58, 26, 67, 42, 53, 47, 64, 29, 46, 61, 48, 41, 50, 55, 38, 59, 40, 49, 52, 57, 51, 71, 56] <-- Page - 59
[66, 43, 44, 39, 58, 26, 67, 42, 53, 47, 64, 29, 46, 61, 48, 41, 50, 55, 38, 59, 40, 49, 52, 57, 51, 71, 56] <-- Page - 52
[66, 43, 44, 39, 58, 26, 67, 42, 53, 47, 64, 29, 46, 61, 48, 41, 50, 55, 38, 59, 40, 49, 52, 57, 51, 71, 56] <-- Page - 58
[66, 43, 44, 39, 58, 26, 67, 42, 53, 47, 64, 29, 46, 61, 48, 41, 50, 55, 38, 59, 40, 49, 52, 57, 51, 71, 56] <-- Page - 42
[66, 43, 44, 39, 58, 26, 67, 42, 53, 47, 64, 29, 46, 61, 48, 41, 50, 55, 38, 59, 40, 49, 52, 57, 51, 71, 56, 62] <-- Page - 62 | Page Fault Here
[66, 43, 44, 39, 58, 26, 67, 42, 53, 47, 64, 29, 46, 61, 48, 41, 50, 55, 38, 59, 40, 49, 52, 57, 51, 71, 56, 62] <-- Page - 55
[66, 43, 44, 39, 58, 26, 67, 42, 53, 47, 64, 29, 46, 61, 48, 41, 50, 55, 38, 59, 40, 49, 52, 57, 51, 71, 56, 62] <-- Page - 47
[66, 43, 44, 39, 58, 26, 67, 42, 53, 47, 64, 29, 46, 61, 48, 41, 50, 55, 38, 59, 40, 49, 52, 57, 51, 71, 56, 62, 54] <-- Page - 54 | Page Fault Here
[66, 43, 44, 39, 58, 26, 67, 42, 53, 47, 64, 29, 46, 61, 48, 41, 50, 55, 38, 59, 40, 49, 52, 57, 51, 71, 56, 62, 54] <-- Page - 49
[66, 43, 44, 39, 58, 26, 67, 42, 53, 47, 64, 29, 46, 61, 48, 41, 50, 55, 38, 59, 40, 49, 52, 57, 51, 71, 56, 62, 54] <-- Page - 61
[66, 43, 44, 39, 58, 26, 67, 42, 53, 47, 64, 29, 46, 61, 48, 41, 50, 55, 38, 59, 40, 49, 52, 57, 51, 71, 56, 62, 54, 65] <-- Page - 65 | Page Fault Here
[66, 43, 44, 39, 58, 26, 67, 42, 53, 47, 64, 29, 46, 61, 48, 41, 50, 55, 38, 59, 40, 49, 52, 57, 51, 71, 56, 62, 54, 65] <-- Page - 71
[66, 43, 44, 39, 58, 26, 67, 42, 53, 47, 64, 29, 46, 61, 48, 41, 50, 55, 38, 59, 40, 49, 52, 57, 51, 71, 56, 62, 54, 65, 36] <-- Page - 36 | Page Fault Here
[66, 43, 44, 39, 58, 26, 67, 42, 53, 47, 64, 29, 46, 61, 48, 41, 50, 55, 38, 59, 40, 49, 52, 57, 51, 71, 56, 62, 54, 65, 36, 35] <-- Page - 35 | Page Fault Here
[66, 43, 44, 39, 58, 26, 67, 42, 53, 47, 64, 29, 46, 61, 48, 41, 50, 55, 38, 59, 40, 49, 52, 57, 51, 71, 56, 62, 54, 65, 36, 35] <-- Page - 44
[66, 43, 44, 39, 58, 26, 67, 42, 53, 47, 64, 29, 46, 61, 48, 41, 50, 55, 38, 59, 40, 49, 52, 57, 51, 71, 56, 62, 54, 65, 36, 35] <-- Page - 51
[66, 43, 44, 39, 58, 26, 67, 42, 53, 47, 64, 29, 46, 61, 48, 41, 50, 55, 38, 59, 40, 49, 52, 57, 51, 71, 56, 62, 54, 65, 36, 35] <-- Page - 58
[66, 43, 44, 39, 58, 26, 67, 42, 53, 47, 64, 29, 46, 61, 48, 41, 50, 55, 38, 59, 40, 49, 52, 57, 51, 71, 56, 62, 54, 65, 36, 35] <-- Page - 53
[66, 43, 44, 39, 58, 26, 67, 42, 53, 47, 64, 29, 46, 61, 48, 41, 50, 55, 38, 59, 40, 49, 52, 57, 51, 71, 56, 62, 54, 65, 36, 35] <-- Page - 29
[66, 43, 44, 39, 58, 26, 67, 42, 53, 47, 64, 29, 46, 61, 48, 41, 50, 55, 38, 59, 40, 49, 52, 57, 51, 71, 56, 62, 54, 65, 36, 35] <-- Page - 46
[66, 43, 44, 39, 58, 26, 67, 42, 53, 47, 64, 29, 46, 61, 48, 41, 50, 55, 38, 59, 40, 49, 52, 57, 51, 71, 56, 62, 54, 65, 36, 35] <-- Page - 58
[66, 43, 44, 39, 58, 26, 67, 42, 53, 47, 64, 29, 46, 61, 48, 41, 50, 55, 38, 59, 40, 49, 52, 57, 51, 71, 56, 62, 54, 65, 36, 35] <-- Page - 52
[66, 43, 44, 39, 58, 26, 67, 42, 53, 47, 64, 29, 46, 61, 48, 41, 50, 55, 38, 59, 40, 49, 52, 57, 51, 71, 56, 62, 54, 65, 36, 35] <-- Page - 57
[66, 43, 44, 39, 58, 26, 67, 42, 53, 47, 64, 29, 46, 61, 48, 41, 50, 55, 38, 59, 40, 49, 52, 57, 51, 71, 56, 62, 54, 65, 36, 35] <-- Page - 47
[66, 43, 44, 39, 58, 26, 67, 42, 53, 47, 64, 29, 46, 61, 48, 41, 50, 55, 38, 59, 40, 49, 52, 57, 51, 71, 56, 62, 54, 65, 36, 35] <-- Page - 47
[66, 43, 44, 39, 58, 26, 67, 42, 53, 47, 64, 29, 46, 61, 48, 41, 50, 55, 38, 59, 40, 49, 52, 57, 51, 71, 56, 62, 54, 65, 36, 35] <-- Page - 51
[66, 43, 44, 39, 58, 26, 67, 42, 53, 47, 64, 29, 46, 61, 48, 41, 50, 55, 38, 59, 40, 49, 52, 57, 51, 71, 56, 62, 54, 65, 36, 35] <-- Page - 54
[66, 43, 44, 39, 58, 26, 67, 42, 53, 47, 64, 29, 46, 61, 48, 41, 50, 55, 38, 59, 40, 49, 52, 57, 51, 71, 56, 62, 54, 65, 36, 35] <-- Page - 51
[66, 43, 44, 39, 58, 26, 67, 42, 53, 47, 64, 29, 46, 61, 48, 41, 50, 55, 38, 59, 40, 49, 52, 57, 51, 71, 56, 62, 54, 65, 36, 35] <-- Page - 51
[66, 43, 44, 39, 58, 26, 67, 42, 53, 47, 64, 29, 46, 61, 48, 41, 50, 55, 38, 59, 40, 49, 52, 57, 51, 71, 56, 62, 54, 65, 36, 35] <-- Page - 43
[66, 43, 44, 39, 58, 26, 67, 42, 53, 47, 64, 29, 46, 61, 48, 41, 50, 55, 38, 59, 40, 49, 52, 57, 51, 71, 56, 62, 54, 65, 36, 35] <-- Page - 53
[66, 43, 44, 39, 58, 26, 67, 42, 53, 47, 64, 29, 46, 61, 48, 41, 50, 55, 38, 59, 40, 49, 52, 57, 51, 71, 56, 62, 54, 65, 36, 35] <-- Page - 51
[66, 43, 44, 39, 58, 26, 67, 42, 53, 47, 64, 29, 46, 61, 48, 41, 50, 55, 38, 59, 40, 49, 52, 57, 51, 71, 56, 62, 54, 65, 36, 35] <-- Page - 61
[66, 43, 44, 39, 58, 26, 67, 42, 53, 47, 64, 29, 46, 61, 48, 41, 50, 55, 38, 59, 40, 49, 52, 57, 51, 71, 56, 62, 54, 65, 36, 35] <-- Page - 61
[66, 43, 44, 39, 58, 26, 67, 42, 53, 47, 64, 29, 46, 61, 48, 41, 50, 55, 38, 59, 40, 49, 52, 57, 51, 71, 56, 62, 54, 65, 36, 35] <-- Page - 51
[66, 43, 44, 39, 58, 26, 67, 42, 53, 47, 64, 29, 46, 61, 48, 41, 50, 55, 38, 59, 40, 49, 52, 57, 51, 71, 56, 62, 54, 65, 36, 35] <-- Page - 46
[66, 43, 44, 39, 58, 26, 67, 42, 53, 47, 64, 29, 46, 61, 48, 41, 50, 55, 38, 59, 40, 49, 52, 57, 51, 71, 56, 62, 54, 65, 36, 35] <-- Page - 43
[66, 43, 44, 39, 58, 26, 67, 42, 53, 47, 64, 29, 46, 61, 48, 41, 50, 55, 38, 59, 40, 49, 52, 57, 51, 71, 56, 62, 54, 65, 36, 35] <-- Page - 54
[66, 43, 44, 39, 58, 26, 67, 42, 53, 47, 64, 29, 46, 61, 48, 41, 50, 55, 38, 59, 40, 49, 52, 57, 51, 71, 56, 62, 54, 65, 36, 35] <-- Page - 50
[66, 43, 44, 39, 58, 26, 67, 42, 53, 47, 64, 29, 46, 61, 48, 41, 50, 55, 38, 59, 40, 49, 52, 57, 51, 71, 56, 62, 54, 65, 36, 35] <-- Page - 46
[66, 43, 44, 39, 58, 26, 67, 42, 53, 47, 64, 29, 46, 61, 48, 41, 50, 55, 38, 59, 40, 49, 52, 57, 51, 71, 56, 62, 54, 65, 36, 35] <-- Page - 50
[66, 43, 44, 39, 58, 26, 67, 42, 53, 47, 64, 29, 46, 61, 48, 41, 50, 55, 38, 59, 40, 49, 52, 57, 51, 71, 56, 62, 54, 65, 36, 35] <-- Page - 43
[66, 43, 44, 39, 58, 26, 67, 42, 53, 47, 64, 29, 46, 61, 48, 41, 50, 55, 38, 59, 40, 49, 52, 57, 51, 71, 56, 62, 54, 65, 36, 35] <-- Page - 56
[66, 43, 44, 39, 58, 26, 67, 42, 53, 47, 64, 29, 46, 61, 48, 41, 50, 55, 38, 59, 40, 49, 52, 57, 51, 71, 56, 62, 54, 65, 36, 35, 45] <-- Page - 45 | Page Fault Here
[66, 43, 44, 39, 58, 26, 67, 42, 53, 47, 64, 29, 46, 61, 48, 41, 50, 55, 38, 59, 40, 49, 52, 57, 51, 71, 56, 62, 54, 65, 36, 35, 45] <-- Page - 62
[66, 43, 44, 39, 58, 26, 67, 42, 53, 47, 64, 29, 46, 61, 48, 41, 50, 55, 38, 59, 40, 49, 52, 57, 51, 71, 56, 62, 54, 65, 36, 35, 45] <-- Page - 54
[66, 43, 44, 39, 58, 26, 67, 42, 53, 47, 64, 29, 46, 61, 48, 41, 50, 55, 38, 59, 40, 49, 52, 57, 51, 71, 56, 62, 54, 65, 36, 35, 45] <-- Page - 55
[66, 43, 44, 39, 58, 26, 67, 42, 53, 47, 64, 29, 46, 61, 48, 41, 50, 55, 38, 59, 40, 49, 52, 57, 51, 71, 56, 62, 54, 65, 36, 35, 45] <-- Page - 39
[66, 43, 44, 39, 58, 26, 67, 42, 53, 47, 64, 29, 46, 61, 48, 41, 50, 55, 38, 59, 40, 49, 52, 57, 51, 71, 56, 62, 54, 65, 36, 35, 45] <-- Page - 51
[66, 43, 44, 39, 58, 26, 67, 42, 53, 47, 64, 29, 46, 61, 48, 41, 50, 55, 38, 59, 40, 49, 52, 57, 51, 71, 56, 62, 54, 65, 36, 35, 45] <-- Page - 57
[66, 43, 44, 39, 58, 26, 67, 42, 53, 47, 64, 29, 46, 61, 48, 41, 50, 55, 38, 59, 40, 49, 52, 57, 51, 71, 56, 62, 54, 65, 36, 35, 45] <-- Page - 40
[66, 43, 44, 39, 58, 26, 67, 42, 53, 47, 64, 29, 46, 61, 48, 41, 50, 55, 38, 59, 40, 49, 52, 57, 51, 71, 56, 62, 54, 65, 36, 35, 45] <-- Page - 47
[66, 43, 44, 39, 58, 26, 67, 42, 53, 47, 64, 29, 46, 61, 48, 41, 50, 55, 38, 59, 40, 49, 52, 57, 51, 71, 56, 62, 54, 65, 36, 35, 45] <-- Page - 50
[66, 43, 44, 39, 58, 26, 67, 42, 53, 47, 64, 29, 46, 61, 48, 41, 50, 55, 38, 59, 40, 49, 52, 57, 51, 71, 56, 62, 54, 65, 36, 35, 45] <-- Page - 36
[66, 43, 44, 39, 58, 26, 67, 42, 53, 47, 64, 29, 46, 61, 48, 41, 50, 55, 38, 59, 40, 49, 52, 57, 51, 71, 56, 62, 54, 65, 36, 35, 45] <-- Page - 53
[66, 43, 44, 39, 58, 26, 67, 42, 53, 47, 64, 29, 46, 61, 48, 41, 50, 55, 38, 59, 40, 49, 52, 57, 51, 71, 56, 62, 54, 65, 36, 35, 45] <-- Page - 58
[66, 43, 44, 39, 58, 26, 67, 42, 53, 47, 64, 29, 46, 61, 48, 41, 50, 55, 38, 59, 40, 49, 52, 57, 51, 71, 56, 62, 54, 65, 36, 35, 45] <-- Page - 41
[66, 43, 44, 39, 58, 26, 67, 42, 53, 47, 64, 29, 46, 61, 48, 41, 50, 55, 38, 59, 40, 49, 52, 57, 51, 71, 56, 62, 54, 65, 36, 35, 45] <-- Page - 53
[66, 43, 44, 39, 58, 26, 67, 42, 53, 47, 64, 29, 46, 61, 48, 41, 50, 55, 38, 59, 40, 49, 52, 57, 51, 71, 56, 62, 54, 65, 36, 35, 45] <-- Page - 36
[66, 43, 44, 39, 58, 26, 67, 42, 53, 47, 64, 29, 46, 61, 48, 41, 50, 55, 38, 59, 40, 49, 52, 57, 51, 71, 56, 62, 54, 65, 36, 35, 45] <-- Page - 49
[66, 43, 44, 39, 58, 26, 67, 42, 53, 47, 64, 29, 46, 61, 48, 41, 50, 55, 38, 59, 40, 49, 52, 57, 51, 71, 56, 62, 54, 65, 36, 35, 45, 33] <-- Page - 33 | Page Fault Here
[66, 43, 44, 39, 58, 26, 67, 42, 53, 47, 64, 29, 46, 61, 48, 41, 50, 55, 38, 59, 40, 49, 52, 57, 51, 71, 56, 62, 54, 65, 36, 35, 45, 33] <-- Page - 61
[66, 43, 44, 39, 58, 26, 67, 42, 53, 47, 64, 29, 46, 61, 48, 41, 50, 55, 38, 59, 40, 49, 52, 57, 51, 71, 56, 62, 54, 65, 36, 35, 45, 33] <-- Page - 54
[66, 43, 44, 39, 58, 26, 67, 42, 53, 47, 64, 29, 46, 61, 48, 41, 50, 55, 38, 59, 40, 49, 52, 57, 51, 71, 56, 62, 54, 65, 36, 35, 45, 33] <-- Page - 49
[66, 43, 44, 39, 58, 26, 67, 42, 53, 47, 64, 29, 46, 61, 48, 41, 50, 55, 38, 59, 40, 49, 52, 57, 51, 71, 56, 62, 54, 65, 36, 35, 45, 33] <-- Page - 42
[66, 43, 44, 39, 58, 26, 67, 42, 53, 47, 64, 29, 46, 61, 48, 41, 50, 55, 38, 59, 40, 49, 52, 57, 51, 71, 56, 62, 54, 65, 36, 35, 45, 33] <-- Page - 62
[66, 43, 44, 39, 58, 26, 67, 42, 53, 47, 64, 29, 46, 61, 48, 41, 50, 55, 38, 59, 40, 49, 52, 57, 51, 71, 56, 62, 54, 65, 36, 35, 45, 33, 69] <-- Page - 69 | Page Fault Here
[66, 43, 44, 39, 58, 26, 67, 42, 53, 47, 64, 29, 46, 61, 48, 41, 50, 55, 38, 59, 40, 49, 52, 57, 51, 71, 56, 62, 54, 65, 36, 35, 45, 33, 69, 31] <-- Page - 31 | Page Fault Here
[66, 43, 44, 39, 58, 26, 67, 42, 53, 47, 64, 29, 46, 61, 48, 41, 50, 55, 38, 59, 40, 49, 52, 57, 51, 71, 56, 62, 54, 65, 36, 35, 45, 33, 69, 31] <-- Page - 62
[66, 43, 44, 39, 58, 26, 67, 42, 53, 47, 64, 29, 46, 61, 48, 41, 50, 55, 38, 59, 40, 49, 52, 57, 51, 71, 56, 62, 54, 65, 36, 35, 45, 33, 69, 31] <-- Page - 66
[66, 43, 44, 39, 58, 26, 67, 42, 53, 47, 64, 29, 46, 61, 48, 41, 50, 55, 38, 59, 40, 49, 52, 57, 51, 71, 56, 62, 54, 65, 36, 35, 45, 33, 69, 31] <-- Page - 53
[66, 43, 44, 39, 58, 26, 67, 42, 53, 47, 64, 29, 46, 61, 48, 41, 50, 55, 38, 59, 40, 49, 52, 57, 51, 71, 56, 62, 54, 65, 36, 35, 45, 33, 69, 31] <-- Page - 38
[66, 43, 44, 39, 58, 26, 67, 42, 53, 47, 64, 29, 46, 61, 48, 41, 50, 55, 38, 59, 40, 49, 52, 57, 51, 71, 56, 62, 54, 65, 36, 35, 45, 33, 69, 31] <-- Page - 58
[66, 43, 44, 39, 58, 26, 67, 42, 53, 47, 64, 29, 46, 61, 48, 41, 50, 55, 38, 59, 40, 49, 52, 57, 51, 71, 56, 62, 54, 65, 36, 35, 45, 33, 69, 31] <-- Page - 48
[66, 43, 44, 39, 58, 26, 67, 42, 53, 47, 64, 29, 46, 61, 48, 41, 50, 55, 38, 59, 40, 49, 52, 57, 51, 71, 56, 62, 54, 65, 36, 35, 45, 33, 69, 31] <-- Page - 43
[66, 43, 44, 39, 58, 26, 67, 42, 53, 47, 64, 29, 46, 61, 48, 41, 50, 55, 38, 59, 40, 49, 52, 57, 51, 71, 56, 62, 54, 65, 36, 35, 45, 33, 69, 31, 37] <-- Page - 37 | Page Fault Here
[66, 43, 44, 39, 58, 26, 67, 42, 53, 47, 64, 29, 46, 61, 48, 41, 50, 55, 38, 59, 40, 49, 52, 57, 51, 71, 56, 62, 54, 65, 36, 35, 45, 33, 69, 31, 37] <-- Page - 55
[66, 43, 44, 39, 58, 26, 67, 42, 53, 47, 64, 29, 46, 61, 48, 41, 50, 55, 38, 59, 40, 49, 52, 57, 51, 71, 56, 62, 54, 65, 36, 35, 45, 33, 69, 31, 37] <-- Page - 57
[66, 43, 44, 39, 58, 26, 67, 42, 53, 47, 64, 29, 46, 61, 48, 41, 50, 55, 38, 59, 40, 49, 52, 57, 51, 71, 56, 62, 54, 65, 36, 35, 45, 33, 69, 31, 37] <-- Page - 43
[66, 43, 44, 39, 58, 26, 67, 42, 53, 47, 64, 29, 46, 61, 48, 41, 50, 55, 38, 59, 40, 49, 52, 57, 51, 71, 56, 62, 54, 65, 36, 35, 45, 33, 69, 31, 37] <-- Page - 55
[66, 43, 44, 39, 58, 26, 67, 42, 53, 47, 64, 29, 46, 61, 48, 41, 50, 55, 38, 59, 40, 49, 52, 57, 51, 71, 56, 62, 54, 65, 36, 35, 45, 33, 69, 31, 37] <-- Page - 38
[66, 43, 44, 39, 58, 26, 67, 42, 53, 47, 64, 29, 46, 61, 48, 41, 50, 55, 38, 59, 40, 49, 52, 57, 51, 71, 56, 62, 54, 65, 36, 35, 45, 33, 69, 31, 37] <-- Page - 58
[66, 43, 44, 39, 58, 26, 67, 42, 53, 47, 64, 29, 46, 61, 48, 41, 50, 55, 38, 59, 40, 49, 52, 57, 51, 71, 56, 62, 54, 65, 36, 35, 45, 33, 69, 31, 37] <-- Page - 50
[66, 43, 44, 39, 58, 26, 67, 42, 53, 47, 64, 29, 46, 61, 48, 41, 50, 55, 38, 59, 40, 49, 52, 57, 51, 71, 56, 62, 54, 65, 36, 35, 45, 33, 69, 31, 37] <-- Page - 48
[66, 43, 44, 39, 58, 26, 67, 42, 53, 47, 64, 29, 46, 61, 48, 41, 50, 55, 38, 59, 40, 49, 52, 57, 51, 71, 56, 62, 54, 65, 36, 35, 45, 33, 69, 31, 37] <-- Page - 48
[66, 43, 44, 39, 58, 26, 67, 42, 53, 47, 64, 29, 46, 61, 48, 41, 50, 55, 38, 59, 40, 49, 52, 57, 51, 71, 56, 62, 54, 65, 36, 35, 45, 33, 69, 31, 37] <-- Page - 58
[66, 43, 44, 39, 58, 26, 67, 42, 53, 47, 64, 29, 46, 61, 48, 41, 50, 55, 38, 59, 40, 49, 52, 57, 51, 71, 56, 62, 54, 65, 36, 35, 45, 33, 69, 31, 37] <-- Page - 57
[66, 43, 44, 39, 58, 26, 67, 42, 53, 47, 64, 29, 46, 61, 48, 41, 50, 55, 38, 59, 40, 49, 52, 57, 51, 71, 56, 62, 54, 65, 36, 35, 45, 33, 69, 31, 37] <-- Page - 55
[66, 43, 44, 39, 58, 26, 67, 42, 53, 47, 64, 29, 46, 61, 48, 41, 50, 55, 38, 59, 40, 49, 52, 57, 51, 71, 56, 62, 54, 65, 36, 35, 45, 33, 69, 31, 37] <-- Page - 51
[66, 43, 44, 39, 58, 26, 67, 42, 53, 47, 64, 29, 46, 61, 48, 41, 50, 55, 38, 59, 40, 49, 52, 57, 51, 71, 56, 62, 54, 65, 36, 35, 45, 33, 69, 31, 37] <-- Page - 50
[66, 43, 44, 39, 58, 26, 67, 42, 53, 47, 64, 29, 46, 61, 48, 41, 50, 55, 38, 59, 40, 49, 52, 57, 51, 71, 56, 62, 54, 65, 36, 35, 45, 33, 69, 31, 37] <-- Page - 56
[66, 43, 44, 39, 58, 26, 67, 42, 53, 47, 64, 29, 46, 61, 48, 41, 50, 55, 38, 59, 40, 49, 52, 57, 51, 71, 56, 62, 54, 65, 36, 35, 45, 33, 69, 31, 37] <-- Page - 52
[66, 43, 44, 39, 58, 26, 67, 42, 53, 47, 64, 29, 46, 61, 48, 41, 50, 55, 38, 59, 40, 49, 52, 57, 51, 71, 56, 62, 54, 65, 36, 35, 45, 33, 69, 31, 37] <-- Page - 56
[66, 43, 44, 39, 58, 26, 67, 42, 53, 47, 64, 29, 46, 61, 48, 41, 50, 55, 38, 59, 40, 49, 52, 57, 51, 71, 56, 62, 54, 65, 36, 35, 45, 33, 69, 31, 37] <-- Page - 46
[66, 43, 44, 39, 58, 26, 67, 42, 53, 47, 64, 29, 46, 61, 48, 41, 50, 55, 38, 59, 40, 49, 52, 57, 51, 71, 56, 62, 54, 65, 36, 35, 45, 33, 69, 31, 37, 25] <-- Page - 25 | Page Fault Here
[66, 43, 44, 39, 58, 26, 67, 42, 53, 47, 64, 29, 46, 61, 48, 41, 50, 55, 38, 59, 40, 49, 52, 57, 51, 71, 56, 62, 54, 65, 36, 35, 45, 33, 69, 31, 37, 25, 60] <-- Page - 60 | Page Fault Here
[66, 43, 44, 39, 58, 26, 67, 42, 53, 47, 64, 29, 46, 61, 48, 41, 50, 55, 38, 59, 40, 49, 52, 57, 51, 71, 56, 62, 54, 65, 36, 35, 45, 33, 69, 31, 37, 25, 60] <-- Page - 71
[66, 43, 44, 39, 58, 26, 67, 42, 53, 47, 64, 29, 46, 61, 48, 41, 50, 55, 38, 59, 40, 49, 52, 57, 51, 71, 56, 62, 54, 65, 36, 35, 45, 33, 69, 31, 37, 25, 60] <-- Page - 54
[66, 43, 44, 39, 58, 26, 67, 42, 53, 47, 64, 29, 46, 61, 48, 41, 50, 55, 38, 59, 40, 49, 52, 57, 51, 71, 56, 62, 54, 65, 36, 35, 45, 33, 69, 31, 37, 25, 60] <-- Page - 48
[66, 43, 44, 39, 58, 26, 67, 42, 53, 47, 64, 29, 46, 61, 48, 41, 50, 55, 38, 59, 40, 49, 52, 57, 51, 71, 56, 62, 54, 65, 36, 35, 45, 33, 69, 31, 37, 25, 60] <-- Page - 48
[66, 43, 44, 39, 58, 26, 67, 42, 53, 47, 64, 29, 46, 61, 48, 41, 50, 55, 38, 59, 40, 49, 52, 57, 51, 71, 56, 62, 54, 65, 36, 35, 45, 33, 69, 31, 37, 25, 60] <-- Page - 48
[66, 43, 44, 39, 58, 26, 67, 42, 53, 47, 64, 29, 46, 61, 48, 41, 50, 55, 38, 59, 40, 49, 52, 57, 51, 71, 56, 62, 54, 65, 36, 35, 45, 33, 69, 31, 37, 25, 60] <-- Page - 50
[66, 43, 44, 39, 58, 26, 67, 42, 53, 47, 64, 29, 46, 61, 48, 41, 50, 55, 38, 59, 40, 49, 52, 57, 51, 71, 56, 62, 54, 65, 36, 35, 45, 33, 69, 31, 37, 25, 60] <-- Page - 38
[66, 43, 44, 39, 58, 26, 67, 42, 53, 47, 64, 29, 46, 61, 48, 41, 50, 55, 38, 59, 40, 49, 52, 57, 51, 71, 56, 62, 54, 65, 36, 35, 45, 33, 69, 31, 37, 25, 60] <-- Page - 44
[66, 43, 44, 39, 58, 26, 67, 42, 53, 47, 64, 29, 46, 61, 48, 41, 50, 55, 38, 59, 40, 49, 52, 57, 51, 71, 56, 62, 54, 65, 36, 35, 45, 33, 69, 31, 37, 25, 60] <-- Page - 40
[66, 43, 44, 39, 58, 26, 67, 42, 53, 47, 64, 29, 46, 61, 48, 41, 50, 55, 38, 59, 40, 49, 52, 57, 51, 71, 56, 62, 54, 65, 36, 35, 45, 33, 69, 31, 37, 25, 60] <-- Page - 52
[66, 43, 44, 39, 58, 26, 67, 42, 53, 47, 64, 29, 46, 61, 48, 41, 50, 55, 38, 59, 40, 49, 52, 57, 51, 71, 56, 62, 54, 65, 36, 35, 45, 33, 69, 31, 37, 25, 60] <-- Page - 47
[66, 43, 44, 39, 58, 26, 67, 42, 53, 47, 64, 29, 46, 61, 48, 41, 50, 55, 38, 59, 40, 49, 52, 57, 51, 71, 56, 62, 54, 65, 36, 35, 45, 33, 69, 31, 37, 25, 60] <-- Page - 54
[66, 43, 44, 39, 58, 26, 67, 42, 53, 47, 64, 29, 46, 61, 48, 41, 50, 55, 38, 59, 40, 49, 52, 57, 51, 71, 56, 62, 54, 65, 36, 35, 45, 33, 69, 31, 37, 25, 60] <-- Page - 48
[66, 43, 44, 39, 58, 26, 67, 42, 53, 47, 64, 29, 46, 61, 48, 41, 50, 55, 38, 59, 40, 49, 52, 57, 51, 71, 56, 62, 54, 65, 36, 35, 45, 33, 69, 31, 37, 25, 60] <-- Page - 59
[66, 43, 44, 39, 58, 26, 67, 42, 53, 47, 64, 29, 46, 61, 48, 41, 50, 55, 38, 59, 40, 49, 52, 57, 51, 71, 56, 62, 54, 65, 36, 35, 45, 33, 69, 31, 37, 25, 60] <-- Page - 52
[66, 43, 44, 39, 58, 26, 67, 42, 53, 47, 64, 29, 46, 61, 48, 41, 50, 55, 38, 59, 40, 49, 52, 57, 51, 71, 56, 62, 54, 65, 36, 35, 45, 33, 69, 31, 37, 25, 60] <-- Page - 71
[66, 43, 44, 39, 58, 26, 67, 42, 53, 47, 64, 29, 46, 61, 48, 41, 50, 55, 38, 59, 40, 49, 52, 57, 51, 71, 56, 62, 54, 65, 36, 35, 45, 33, 69, 31, 37, 25, 60] <-- Page - 31
[66, 43, 44, 39, 58, 26, 67, 42, 53, 47, 64, 29, 46, 61, 48, 41, 50, 55, 38, 59, 40, 49, 52, 57, 51, 71, 56, 62, 54, 65, 36, 35, 45, 33, 69, 31, 37, 25, 60] <-- Page - 43
[66, 43, 44, 39, 58, 26, 67, 42, 53, 47, 64, 29, 46, 61, 48, 41, 50, 55, 38, 59, 40, 49, 52, 57, 51, 71, 56, 62, 54, 65, 36, 35, 45, 33, 69, 31, 37, 25, 60] <-- Page - 59
[66, 43, 44, 39, 58, 26, 67, 42, 53, 47, 64, 29, 46, 61, 48, 41, 50, 55, 38, 59, 40, 49, 52, 57, 51, 71, 56, 62, 54, 65, 36, 35, 45, 33, 69, 31, 37, 25, 60, 75] <-- Page - 75 | Page Fault Here
[66, 43, 44, 39, 58, 26, 67, 42, 53, 47, 64, 29, 46, 61, 48, 41, 50, 55, 38, 59, 40, 49, 52, 57, 51, 71, 56, 62, 54, 65, 36, 35, 45, 33, 69, 31, 37, 25, 60, 75] <-- Page - 47
[66, 43, 44, 39, 58, 26, 67, 42, 53, 47, 64, 29, 46, 61, 48, 41, 50, 55, 38, 59, 40, 49, 52, 57, 51, 71, 56, 62, 54, 65, 36, 35, 45, 33, 69, 31, 37, 25, 60, 75] <-- Page - 50
[66, 43, 44, 39, 58, 26, 67, 42, 53, 47, 64, 29, 46, 61, 48, 41, 50, 55, 38, 59, 40, 49, 52, 57, 51, 71, 56, 62, 54, 65, 36, 35, 45, 33, 69, 31, 37, 25, 60, 75] <-- Page - 47
[66, 43, 44, 39, 58, 26, 67, 42, 53, 47, 64, 29, 46, 61, 48, 41, 50, 55, 38, 59, 40, 49, 52, 57, 51, 71, 56, 62, 54, 65, 36, 35, 45, 33, 69, 31, 37, 25, 60, 75, 63] <-- Page - 63 | Page Fault Here
[66, 43, 44, 39, 58, 26, 67, 42, 53, 47, 64, 29, 46, 61, 48, 41, 50, 55, 38, 59, 40, 49, 52, 57, 51, 71, 56, 62, 54, 65, 36, 35, 45, 33, 69, 31, 37, 25, 60, 75, 63] <-- Page - 47
[66, 43, 44, 39, 58, 26, 67, 42, 53, 47, 64, 29, 46, 61, 48, 41, 50, 55, 38, 59, 40, 49, 52, 57, 51, 71, 56, 62, 54, 65, 36, 35, 45, 33, 69, 31, 37, 25, 60, 75, 63] <-- Page - 56
[66, 43, 44, 39, 58, 26, 67, 42, 53, 47, 64, 29, 46, 61, 48, 41, 50, 55, 38, 59, 40, 49, 52, 57, 51, 71, 56, 62, 54, 65, 36, 35, 45, 33, 69, 31, 37, 25, 60, 75, 63] <-- Page - 46
[66, 43, 44, 39, 58, 26, 67, 42, 53, 47, 64, 29, 46, 61, 48, 41, 50, 55, 38, 59, 40, 49, 52, 57, 51, 71, 56, 62, 54, 65, 36, 35, 45, 33, 69, 31, 37, 25, 60, 75, 63] <-- Page - 37
[66, 43, 44, 39, 58, 26, 67, 42, 53, 47, 64, 29, 46, 61, 48, 41, 50, 55, 38, 59, 40, 49, 52, 57, 51, 71, 56, 62, 54, 65, 36, 35, 45, 33, 69, 31, 37, 25, 60, 75, 63] <-- Page - 53
[66, 43, 44, 39, 58, 26, 67, 42, 53, 47, 64, 29, 46, 61, 48, 41, 50, 55, 38, 59, 40, 49, 52, 57, 51, 71, 56, 62, 54, 65, 36, 35, 45, 33, 69, 31, 37, 25, 60, 75, 63] <-- Page - 55
[66, 43, 44, 39, 58, 26, 67, 42, 53, 47, 64, 29, 46, 61, 48, 41, 50, 55, 38, 59, 40, 49, 52, 57, 51, 71, 56, 62, 54, 65, 36, 35, 45, 33, 69, 31, 37, 25, 60, 75, 63] <-- Page - 62
[66, 43, 44, 39, 58, 26, 67, 42, 53, 47, 64, 29, 46, 61, 48, 41, 50, 55, 38, 59, 40, 49, 52, 57, 51, 71, 56, 62, 54, 65, 36, 35, 45, 33, 69, 31, 37, 25, 60, 75, 63] <-- Page - 48
[66, 43, 44, 39, 58, 26, 67, 42, 53, 47, 64, 29, 46, 61, 48, 41, 50, 55, 38, 59, 40, 49, 52, 57, 51, 71, 56, 62, 54, 65, 36, 35, 45, 33, 69, 31, 37, 25, 60, 75, 63] <-- Page - 43
[66, 43, 44, 39, 58, 26, 67, 42, 53, 47, 64, 29, 46, 61, 48, 41, 50, 55, 38, 59, 40, 49, 52, 57, 51, 71, 56, 62, 54, 65, 36, 35, 45, 33, 69, 31, 37, 25, 60, 75, 63] <-- Page - 55
[66, 43, 44, 39, 58, 26, 67, 42, 53, 47, 64, 29, 46, 61, 48, 41, 50, 55, 38, 59, 40, 49, 52, 57, 51, 71, 56, 62, 54, 65, 36, 35, 45, 33, 69, 31, 37, 25, 60, 75, 63] <-- Page - 52
[66, 43, 44, 39, 58, 26, 67, 42, 53, 47, 64, 29, 46, 61, 48, 41, 50, 55, 38, 59, 40, 49, 52, 57, 51, 71, 56, 62, 54, 65, 36, 35, 45, 33, 69, 31, 37, 25, 60, 75, 63] <-- Page - 52
[66, 43, 44, 39, 58, 26, 67, 42, 53, 47, 64, 29, 46, 61, 48, 41, 50, 55, 38, 59, 40, 49, 52, 57, 51, 71, 56, 62, 54, 65, 36, 35, 45, 33, 69, 31, 37, 25, 60, 75, 63] <-- Page - 49
[66, 43, 44, 39, 58, 26, 67, 42, 53, 47, 64, 29, 46, 61, 48, 41, 50, 55, 38, 59, 40, 49, 52, 57, 51, 71, 56, 62, 54, 65, 36, 35, 45, 33, 69, 31, 37, 25, 60, 75, 63] <-- Page - 61
[66, 43, 44, 39, 58, 26, 67, 42, 53, 47, 64, 29, 46, 61, 48, 41, 50, 55, 38, 59, 40, 49, 52, 57, 51, 71, 56, 62, 54, 65, 36, 35, 45, 33, 69, 31, 37, 25, 60, 75, 63] <-- Page - 53
[66, 43, 44, 39, 58, 26, 67, 42, 53, 47, 64, 29, 46, 61, 48, 41, 50, 55, 38, 59, 40, 49, 52, 57, 51, 71, 56, 62, 54, 65, 36, 35, 45, 33, 69, 31, 37, 25, 60, 75, 63] <-- Page - 69
[66, 43, 44, 39, 58, 26, 67, 42, 53, 47, 64, 29, 46, 61, 48, 41, 50, 55, 38, 59, 40, 49, 52, 57, 51, 71, 56, 62, 54, 65, 36, 35, 45, 33, 69, 31, 37, 25, 60, 75, 63] <-- Page - 61
[66, 43, 44, 39, 58, 26, 67, 42, 53, 47, 64, 29, 46, 61, 48, 41, 50, 55, 38, 59, 40, 49, 52, 57, 51, 71, 56, 62, 54, 65, 36, 35, 45, 33, 69, 31, 37, 25, 60, 75, 63] <-- Page - 56
[66, 43, 44, 39, 58, 26, 67, 42, 53, 47, 64, 29, 46, 61, 48, 41, 50, 55, 38, 59, 40, 49, 52, 57, 51, 71, 56, 62, 54, 65, 36, 35, 45, 33, 69, 31, 37, 25, 60, 75, 63] <-- Page - 33
[66, 43, 44, 39, 58, 26, 67, 42, 53, 47, 64, 29, 46, 61, 48, 41, 50, 55, 38, 59, 40, 49, 52, 57, 51, 71, 56, 62, 54, 65, 36, 35, 45, 33, 69, 31, 37, 25, 60, 75, 63] <-- Page - 56
[66, 43, 44, 39, 58, 26, 67, 42, 53, 47, 64, 29, 46, 61, 48, 41, 50, 55, 38, 59, 40, 49, 52, 57, 51, 71, 56, 62, 54, 65, 36, 35, 45, 33, 69, 31, 37, 25, 60, 75, 63] <-- Page - 54
[66, 43, 44, 39, 58, 26, 67, 42, 53, 47, 64, 29, 46, 61, 48, 41, 50, 55, 38, 59, 40, 49, 52, 57, 51, 71, 56, 62, 54, 65, 36, 35, 45, 33, 69, 31, 37, 25, 60, 75, 63] <-- Page - 58
[66, 43, 44, 39, 58, 26, 67, 42, 53, 47, 64, 29, 46, 61, 48, 41, 50, 55, 38, 59, 40, 49, 52, 57, 51, 71, 56, 62, 54, 65, 36, 35, 45, 33, 69, 31, 37, 25, 60, 75, 63] <-- Page - 60
[66, 43, 44, 39, 58, 26, 67, 42, 53, 47, 64, 29, 46, 61, 48, 41, 50, 55, 38, 59, 40, 49, 52, 57, 51, 71, 56, 62, 54, 65, 36, 35, 45, 33, 69, 31, 37, 25, 60, 75, 63] <-- Page - 45
[66, 43, 44, 39, 58, 26, 67, 42, 53, 47, 64, 29, 46, 61, 48, 41, 50, 55, 38, 59, 40, 49, 52, 57, 51, 71, 56, 62, 54, 65, 36, 35, 45, 33, 69, 31, 37, 25, 60, 75, 63] <-- Page - 58
[66, 43, 44, 39, 58, 26, 67, 42, 53, 47, 64, 29, 46, 61, 48, 41, 50, 55, 38, 59, 40, 49, 52, 57, 51, 71, 56, 62, 54, 65, 36, 35, 45, 33, 69, 31, 37, 25, 60, 75, 63] <-- Page - 44
[66, 43, 44, 39, 58, 26, 67, 42, 53, 47, 64, 29, 46, 61, 48, 41, 50, 55, 38, 59, 40, 49, 52, 57, 51, 71, 56, 62, 54, 65, 36, 35, 45, 33, 69, 31, 37, 25, 60, 75, 63] <-- Page - 69
[66, 43, 44, 39, 58, 26, 67, 42, 53, 47, 64, 29, 46, 61, 48, 41, 50, 55, 38, 59, 40, 49, 52, 57, 51, 71, 56, 62, 54, 65, 36, 35, 45, 33, 69, 31, 37, 25, 60, 75, 63] <-- Page - 36
[66, 43, 44, 39, 58, 26, 67, 42, 53, 47, 64, 29, 46, 61, 48, 41, 50, 55, 38, 59, 40, 49, 52, 57, 51, 71, 56, 62, 54, 65, 36, 35, 45, 33, 69, 31, 37, 25, 60, 75, 63, 32] <-- Page - 32 | Page Fault Here
[66, 43, 44, 39, 58, 26, 67, 42, 53, 47, 64, 29, 46, 61, 48, 41, 50, 55, 38, 59, 40, 49, 52, 57, 51, 71, 56, 62, 54, 65, 36, 35, 45, 33, 69, 31, 37, 25, 60, 75, 63, 32] <-- Page - 33
[66, 43, 44, 39, 58, 26, 67, 42, 53, 47, 64, 29, 46, 61, 48, 41, 50, 55, 38, 59, 40, 49, 52, 57, 51, 71, 56, 62, 54, 65, 36, 35, 45, 33, 69, 31, 37, 25, 60, 75, 63, 32] <-- Page - 41
[66, 43, 44, 39, 58, 26, 67, 42, 53, 47, 64, 29, 46, 61, 48, 41, 50, 55, 38, 59, 40, 49, 52, 57, 51, 71, 56, 62, 54, 65, 36, 35, 45, 33, 69, 31, 37, 25, 60, 75, 63, 32] <-- Page - 38
[66, 43, 44, 39, 58, 26, 67, 42, 53, 47, 64, 29, 46, 61, 48, 41, 50, 55, 38, 59, 40, 49, 52, 57, 51, 71, 56, 62, 54, 65, 36, 35, 45, 33, 69, 31, 37, 25, 60, 75, 63, 32] <-- Page - 69
[66, 43, 44, 39, 58, 26, 67, 42, 53, 47, 64, 29, 46, 61, 48, 41, 50, 55, 38, 59, 40, 49, 52, 57, 51, 71, 56, 62, 54, 65, 36, 35, 45, 33, 69, 31, 37, 25, 60, 75, 63, 32] <-- Page - 46
[66, 43, 44, 39, 58, 26, 67, 42, 53, 47, 64, 29, 46, 61, 48, 41, 50, 55, 38, 59, 40, 49, 52, 57, 51, 71, 56, 62, 54, 65, 36, 35, 45, 33, 69, 31, 37, 25, 60, 75, 63, 32] <-- Page - 36
[66, 43, 44, 39, 58, 26, 67, 42, 53, 47, 64, 29, 46, 61, 48, 41, 50, 55, 38, 59, 40, 49, 52, 57, 51, 71, 56, 62, 54, 65, 36, 35, 45, 33, 69, 31, 37, 25, 60, 75, 63, 32] <-- Page - 61
[66, 43, 44, 39, 58, 26, 67, 42, 53, 47, 64, 29, 46, 61, 48, 41, 50, 55, 38, 59, 40, 49, 52, 57, 51, 71, 56, 62, 54, 65, 36, 35, 45, 33, 69, 31, 37, 25, 60, 75, 63, 32] <-- Page - 44
[66, 43, 44, 39, 58, 26, 67, 42, 53, 47, 64, 29, 46, 61, 48, 41, 50, 55, 38, 59, 40, 49, 52, 57, 51, 71, 56, 62, 54, 65, 36, 35, 45, 33, 69, 31, 37, 25, 60, 75, 63, 32] <-- Page - 37
[66, 43, 44, 39, 58, 26, 67, 42, 53, 47, 64, 29, 46, 61, 48, 41, 50, 55, 38, 59, 40, 49, 52, 57, 51, 71, 56, 62, 54, 65, 36, 35, 45, 33, 69, 31, 37, 25, 60, 75, 63, 32] <-- Page - 58
[66, 43, 44, 39, 58, 26, 67, 42, 53, 47, 64, 29, 46, 61, 48, 41, 50, 55, 38, 59, 40, 49, 52, 57, 51, 71, 56, 62, 54, 65, 36, 35, 45, 33, 69, 31, 37, 25, 60, 75, 63, 32] <-- Page - 56
[66, 43, 44, 39, 58, 26, 67, 42, 53, 47, 64, 29, 46, 61, 48, 41, 50, 55, 38, 59, 40, 49, 52, 57, 51, 71, 56, 62, 54, 65, 36, 35, 45, 33, 69, 31, 37, 25, 60, 75, 63, 32] <-- Page - 45
[66, 43, 44, 39, 58, 26, 67, 42, 53, 47, 64, 29, 46, 61, 48, 41, 50, 55, 38, 59, 40, 49, 52, 57, 51, 71, 56, 62, 54, 65, 36, 35, 45, 33, 69, 31, 37, 25, 60, 75, 63, 32] <-- Page - 64
[66, 43, 44, 39, 58, 26, 67, 42, 53, 47, 64, 29, 46, 61, 48, 41, 50, 55, 38, 59, 40, 49, 52, 57, 51, 71, 56, 62, 54, 65, 36, 35, 45, 33, 69, 31, 37, 25, 60, 75, 63, 32] <-- Page - 51
[66, 43, 44, 39, 58, 26, 67, 42, 53, 47, 64, 29, 46, 61, 48, 41, 50, 55, 38, 59, 40, 49, 52, 57, 51, 71, 56, 62, 54, 65, 36, 35, 45, 33, 69, 31, 37, 25, 60, 75, 63, 32] <-- Page - 66
[66, 43, 44, 39, 58, 26, 67, 42, 53, 47, 64, 29, 46, 61, 48, 41, 50, 55, 38, 59, 40, 49, 52, 57, 51, 71, 56, 62, 54, 65, 36, 35, 45, 33, 69, 31, 37, 25, 60, 75, 63, 32] <-- Page - 55
[66, 43, 44, 39, 58, 26, 67, 42, 53, 47, 64, 29, 46, 61, 48, 41, 50, 55, 38, 59, 40, 49, 52, 57, 51, 71, 56, 62, 54, 65, 36, 35, 45, 33, 69, 31, 37, 25, 60, 75, 63, 32] <-- Page - 65
[66, 43, 44, 39, 58, 26, 67, 42, 53, 47, 64, 29, 46, 61, 48, 41, 50, 55, 38, 59, 40, 49, 52, 57, 51, 71, 56, 62, 54, 65, 36, 35, 45, 33, 69, 31, 37, 25, 60, 75, 63, 32] <-- Page - 51
[66, 43, 44, 39, 58, 26, 67, 42, 53, 47, 64, 29, 46, 61, 48, 41, 50, 55, 38, 59, 40, 49, 52, 57, 51, 71, 56, 62, 54, 65, 36, 35, 45, 33, 69, 31, 37, 25, 60, 75, 63, 32] <-- Page - 37
[66, 43, 44, 39, 58, 26, 67, 42, 53, 47, 64, 29, 46, 61, 48, 41, 50, 55, 38, 59, 40, 49, 52, 57, 51, 71, 56, 62, 54, 65, 36, 35, 45, 33, 69, 31, 37, 25, 60, 75, 63, 32, 74] <-- Page - 74 | Page Fault Here
[66, 43, 44, 39, 58, 26, 67, 42, 53, 47, 64, 29, 46, 61, 48, 41, 50, 55, 38, 59, 40, 49, 52, 57, 51, 71, 56, 62, 54, 65, 36, 35, 45, 33, 69, 31, 37, 25, 60, 75, 63, 32, 74] <-- Page - 44
[66, 43, 44, 39, 58, 26, 67, 42, 53, 47, 64, 29, 46, 61, 48, 41, 50, 55, 38, 59, 40, 49, 52, 57, 51, 71, 56, 62, 54, 65, 36, 35, 45, 33, 69, 31, 37, 25, 60, 75, 63, 32, 74] <-- Page - 48
[66, 43, 44, 39, 58, 26, 67, 42, 53, 47, 64, 29, 46, 61, 48, 41, 50, 55, 38, 59, 40, 49, 52, 57, 51, 71, 56, 62, 54, 65, 36, 35, 45, 33, 69, 31, 37, 25, 60, 75, 63, 32, 74] <-- Page - 42
[66, 43, 44, 39, 58, 26, 67, 42, 53, 47, 64, 29, 46, 61, 48, 41, 50, 55, 38, 59, 40, 49, 52, 57, 51, 71, 56, 62, 54, 65, 36, 35, 45, 33, 69, 31, 37, 25, 60, 75, 63, 32, 74] <-- Page - 47
[66, 43, 44, 39, 58, 26, 67, 42, 53, 47, 64, 29, 46, 61, 48, 41, 50, 55, 38, 59, 40, 49, 52, 57, 51, 71, 56, 62, 54, 65, 36, 35, 45, 33, 69, 31, 37, 25, 60, 75, 63, 32, 74] <-- Page - 52
[66, 43, 44, 39, 58, 26, 67, 42, 53, 47, 64, 29, 46, 61, 48, 41, 50, 55, 38, 59, 40, 49, 52, 57, 51, 71, 56, 62, 54, 65, 36, 35, 45, 33, 69, 31, 37, 25, 60, 75, 63, 32, 74] <-- Page - 52
[66, 43, 44, 39, 58, 26, 67, 42, 53, 47, 64, 29, 46, 61, 48, 41, 50, 55, 38, 59, 40, 49, 52, 57, 51, 71, 56, 62, 54, 65, 36, 35, 45, 33, 69, 31, 37, 25, 60, 75, 63, 32, 74] <-- Page - 56
[66, 43, 44, 39, 58, 26, 67, 42, 53, 47, 64, 29, 46, 61, 48, 41, 50, 55, 38, 59, 40, 49, 52, 57, 51, 71, 56, 62, 54, 65, 36, 35, 45, 33, 69, 31, 37, 25, 60, 75, 63, 32, 74] <-- Page - 67
[66, 43, 44, 39, 58, 26, 67, 42, 53, 47, 64, 29, 46, 61, 48, 41, 50, 55, 38, 59, 40, 49, 52, 57, 51, 71, 56, 62, 54, 65, 36, 35, 45, 33, 69, 31, 37, 25, 60, 75, 63, 32, 74] <-- Page - 48
[66, 43, 44, 39, 58, 26, 67, 42, 53, 47, 64, 29, 46, 61, 48, 41, 50, 55, 38, 59, 40, 49, 52, 57, 51, 71, 56, 62, 54, 65, 36, 35, 45, 33, 69, 31, 37, 25, 60, 75, 63, 32, 74] <-- Page - 37
[66, 43, 44, 39, 58, 26, 67, 42, 53, 47, 64, 29, 46, 61, 48, 41, 50, 55, 38, 59, 40, 49, 52, 57, 51, 71, 56, 62, 54, 65, 36, 35, 45, 33, 69, 31, 37, 25, 60, 75, 63, 32, 74] <-- Page - 38
[66, 43, 44, 39, 58, 26, 67, 42, 53, 47, 64, 29, 46, 61, 48, 41, 50, 55, 38, 59, 40, 49, 52, 57, 51, 71, 56, 62, 54, 65, 36, 35, 45, 33, 69, 31, 37, 25, 60, 75, 63, 32, 74] <-- Page - 43
[66, 43, 44, 39, 58, 26, 67, 42, 53, 47, 64, 29, 46, 61, 48, 41, 50, 55, 38, 59, 40, 49, 52, 57, 51, 71, 56, 62, 54, 65, 36, 35, 45, 33, 69, 31, 37, 25, 60, 75, 63, 32, 74] <-- Page - 33
[66, 43, 44, 39, 58, 26, 67, 42, 53, 47, 64, 29, 46, 61, 48, 41, 50, 55, 38, 59, 40, 49, 52, 57, 51, 71, 56, 62, 54, 65, 36, 35, 45, 33, 69, 31, 37, 25, 60, 75, 63, 32, 74] <-- Page - 58
[66, 43, 44, 39, 58, 26, 67, 42, 53, 47, 64, 29, 46, 61, 48, 41, 50, 55, 38, 59, 40, 49, 52, 57, 51, 71, 56, 62, 54, 65, 36, 35, 45, 33, 69, 31, 37, 25, 60, 75, 63, 32, 74] <-- Page - 45
[66, 43, 44, 39, 58, 26, 67, 42, 53, 47, 64, 29, 46, 61, 48, 41, 50, 55, 38, 59, 40, 49, 52, 57, 51, 71, 56, 62, 54, 65, 36, 35, 45, 33, 69, 31, 37, 25, 60, 75, 63, 32, 74] <-- Page - 46
[66, 43, 44, 39, 58, 26, 67, 42, 53, 47, 64, 29, 46, 61, 48, 41, 50, 55, 38, 59, 40, 49, 52, 57, 51, 71, 56, 62, 54, 65, 36, 35, 45, 33, 69, 31, 37, 25, 60, 75, 63, 32, 74] <-- Page - 49
[66, 43, 44, 39, 58, 26, 67, 42, 53, 47, 64, 29, 46, 61, 48, 41, 50, 55, 38, 59, 40, 49, 52, 57, 51, 71, 56, 62, 54, 65, 36, 35, 45, 33, 69, 31, 37, 25, 60, 75, 63, 32, 74] <-- Page - 36
[66, 43, 44, 39, 58, 26, 67, 42, 53, 47, 64, 29, 46, 61, 48, 41, 50, 55, 38, 59, 40, 49, 52, 57, 51, 71, 56, 62, 54, 65, 36, 35, 45, 33, 69, 31, 37, 25, 60, 75, 63, 32, 74] <-- Page - 41
[66, 43, 44, 39, 58, 26, 67, 42, 53, 47, 64, 29, 46, 61, 48, 41, 50, 55, 38, 59, 40, 49, 52, 57, 51, 71, 56, 62, 54, 65, 36, 35, 45, 33, 69, 31, 37, 25, 60, 75, 63, 32, 74] <-- Page - 56
[66, 43, 44, 39, 58, 26, 67, 42, 53, 47, 64, 29, 46, 61, 48, 41, 50, 55, 38, 59, 40, 49, 52, 57, 51, 71, 56, 62, 54, 65, 36, 35, 45, 33, 69, 31, 37, 25, 60, 75, 63, 32, 74] <-- Page - 56
[66, 43, 44, 39, 58, 26, 67, 42, 53, 47, 64, 29, 46, 61, 48, 41, 50, 55, 38, 59, 40, 49, 52, 57, 51, 71, 56, 62, 54, 65, 36, 35, 45, 33, 69, 31, 37, 25, 60, 75, 63, 32, 74] <-- Page - 45
[66, 43, 44, 39, 58, 26, 67, 42, 53, 47, 64, 29, 46, 61, 48, 41, 50, 55, 38, 59, 40, 49, 52, 57, 51, 71, 56, 62, 54, 65, 36, 35, 45, 33, 69, 31, 37, 25, 60, 75, 63, 32, 74, 68] <-- Page - 68 | Page Fault Here
[66, 43, 44, 39, 58, 26, 67, 42, 53, 47, 64, 29, 46, 61, 48, 41, 50, 55, 38, 59, 40, 49, 52, 57, 51, 71, 56, 62, 54, 65, 36, 35, 45, 33, 69, 31, 37, 25, 60, 75, 63, 32, 74, 68] <-- Page - 36
------------------------------------------------------------
