# seed=1 mean=50 standard_deviation=10 number_of_pages=500
------------------------------------------------------------
66
43
44
39
58
26
67
42
53
47
64
29
46
46
61
39
48
41
50
55
38
61
59
55
59
43
48
40
47
55
43
46
43
41
43
49
38
52
66
57
48
41
42
66
50
43
51
71
51
56
53
46
38
46
47
55
58
59
52
58
42
62
55
47
54
49
61
65
71
36
35
44
51
58
53
29
46
58
52
57
47
47
51
54
51
51
43
53
51
61
61
51
46
43
54
50
46
50
43
56
45
62
54
55
39
51
57
40
47
50
36
53
58
41
53
36
49
33
61
54
49
42
62
69
31
62
66
53
38
58
48
43
37
55
57
43
55
38
58
50
48
48
58
57
55
51
50
56
52
56
46
25
60
71
54
48
48
48
50
38
44
40
52
47
54
48
59
52
71
31
43
59
75
47
50
47
63
47
56
46
37
53
55
62
48
43
55
52
52
49
61
53
69
61
56
33
56
54
58
60
45
58
44
69
36
32
33
41
38
69
46
36
61
44
37
58
56
45
64
51
66
55
65
51
37
74
44
48
42
47
52
52
56
67
48
37
38
43
33
58
45
46
49
36
41
56
56
45
68
36
46
47
22
69
53
39
70
55
54
43
51
34
57
46
51
62
52
52
52
42
58
65
57
58
41
41
35
62
47
63
42
45
50
59
50
52
50
51
38
50
48
49
54
43
49
47
54
57
40
55
70
35
41
41
47
66
50
43
56
44
61
53
63
43
80
58
56
49
42
41
48
42
52
41
56
59
42
61
47
61
54
61
40
48
64
43
29
30
24
28
45
62
45
53
48
50
48
48
54
38
60
59
48
58
42
44
51
48
45
43
44
59
30
53
47
57
55
22
55
53
50
45
58
45
68
55
71
42
32
57
58
50
34
45
56
48
48
48
40
44
35
67
45
54
39
57
31
59
49
71
36
50
53
62
45
50
28
41
54
61
47
70
67
49
25
32
42
61
53
29
47
66
46
42
70
50
45
53
50
45
62
61
58
48
61
49
54
60
58
67
54
33
38
63
46
53
41
60
46
64
44
61
56
42
60
40
41
57
43
44
46
39
60
56
49
48
54
67
58
44
57
48
48
68
45
45
30
35
54
43
55
38
42
56
64
55
61
67
60
40
48
56
45
54
34
41
55
27
38
49
